316
24 11 0.030279
65 60 0.028406
122 128 0.027817
125 135 0.025883
139 108 0.038864
230 216 0.042141
232 228 0.039753
266 284 0.017417
281 283 0.033758
308 310 0.027034
323 341 0.03202
340 342 0.015063
402 436 0.031769
530 571 0.02794
535 575 0.011243
560 594 0.01986
580 605 0.029608
582 609 0.033116
587 613 0.032653
588 614 0.028741
595 615 0.007996
600 623 0.024195
616 643 0.01654
649 680 0.0067508
655 683 0.025008
662 695 0.0094816
673 701 0.009591
675 702 0.017519
682 708 0.028692
690 721 0.01831
703 724 0.030685
709 726 0.030855
718 739 0.011561
731 749 0.01334
741 758 0.0076645
751 760 0.0067098
756 765 0.019399
760 764 0.010948
761 771 0.013308
778 785 0.023404
788 790 0.017693
789 791 0.026194
825 820 0.013691
837 825 0.023287
844 826 0.0063464
846 839 0.011344
848 828 0.019086
849 829 0.0058492
854 1651 0.032807
858 832 0.020888
859 833 0.019332
861 837 0.014273
865 854 0.014763
869 835 0.0075959
875 847 0.010461
885 850 0.015791
896 859 0.023133
899 860 0.011997
900 861 0.0079768
901 862 0.0083184
907 863 0.0053245
908 864 0.009872
909 871 0.0071321
912 869 0.015432
913 870 0.010893
914 872 0.0070835
916 875 0.020194
922 882 0.015127
932 884 0.02505
935 892 0.013038
936 893 0.0068457
940 890 0.022678
969 908 0.041885
996 929 0.026636
1246 1097 0.032306
1250 1108 0.032507
1275 1130 0.019531
1284 1121 0.026816
1290 1152 0.019725
1358 1223 0.014726
1378 1240 0.014244
1388 1241 0.024613
1389 1264 0.033594
1393 1251 0.026293
1398 1267 0.028814
1408 1261 0.02672
1409 1262 0.034585
1412 1279 0.023472
1413 1273 0.022343
1440 1322 0.014281
1441 1323 0.013625
1456 1328 0.023
1480 1364 0.020844
1582 1457 0.010886
1583 1458 0.0098311
1589 1459 0.012728
1601 1462 0.012714
1602 1465 0.0252
1617 1483 0.018288
1622 1488 0.008752
1625 1492 0.0076617
1628 1496 0.021328
1658 1528 0.012383
1660 1530 0.043251
1671 1538 0.012134
1674 1543 0.0084281
1676 1542 0.011734
1684 1553 0.0060267
1687 1555 0.0071342
1696 1562 0.0084694
1699 1568 0.015687
1701 1567 0.0069544
1709 1577 0.025191
1711 1575 0.011426
1714 1580 0.016679
1717 1582 0.011144
1736 1602 0.015189
1746 1611 0.0041506
1759 1632 0.013922
1768 1639 0.010653
1771 1647 0.0051656
1772 1648 0.004318
1788 1666 0.02285
1802 1682 0.012266
1803 1683 0.010245
1807 1680 0.0076384
1808 1681 0.0073758
1814 1685 0.0079768
1815 1686 0.0088133
1817 1689 0.0065178
1832 1705 0.0049694
1842 1706 0.028074
1850 1710 0.016528
1883 1733 0.0029191
2025 1838 0.026826
2030 1849 0.014966
2040 1843 0.031525
2047 1868 0.023837
2050 1861 0.025152
2070 1878 0.023603
2081 1887 0.026772
2090 1883 0.011296
2095 1889 0.019975
2096 1905 0.029445
2106 1896 0.03189
2110 1911 0.013064
2121 1919 0.027131
2141 1930 0.023551
2143 1929 0.018412
2152 1932 0.015979
2179 1960 0.029155
2181 1971 0.020953
2185 1966 0.015767
2188 1973 0.029615
2215 2000 0.041578
2249 2043 0.014485
2251 2044 0.0086159
2254 2049 0.0035729
2267 2060 0.0042129
2268 2061 0.024418
2271 1480 0.01556
2273 2063 0.013192
2275 2070 0.024159
2297 2092 0.018823
2322 2111 0.01688
2323 2112 0.014721
2336 2121 0.015512
2337 2120 0.0078388
2340 2126 0.031562
2347 2129 0.0063796
2349 2131 0.011423
2352 2137 0.023398
2357 2149 0.015261
2360 2153 0.004782
2366 2159 0.018628
2371 2168 0.0074118
2376 2176 0.011541
2382 2183 0.011224
2389 2184 0.011879
2390 2185 0.036229
2400 2194 0.011625
2405 2197 0.009387
2406 2198 0.021
2411 2207 0.0049452
2448 2233 0.026395
2451 2232 0.0037195
2456 2237 0.0078211
2457 2238 0.0059833
2466 2246 0.013506
2560 2325 0.0069163
2561 2326 0.0083468
2572 2332 0.025832
2575 2334 0.027567
2578 2338 0.037623
2580 2336 0.012589
2581 2349 0.013477
2583 2350 0.021428
2584 2351 0.0291
2593 2359 0.020617
2594 2360 0.023336
2608 2377 0.01242
2620 2391 0.019889
2621 2392 0.018935
2622 2385 0.014468
2632 2395 0.018371
2636 2403 0.028818
2672 2442 0.014605
2676 2443 0.031798
2677 2446 0.0047424
2681 2451 0.01322
2693 2466 0.0075584
2695 2470 0.010023
2696 2471 0.007265
2701 2482 0.011162
2702 2483 0.011688
2703 2480 0.030294
2704 2481 0.018251
2710 2485 0.019122
2716 2487 0.0070094
2719 2491 0.010139
2723 2496 0.023744
2724 2497 0.020259
2725 2499 0.017981
2732 2512 0.023925
2737 2514 0.010152
2742 2521 0.026532
2746 2523 0.0051696
2749 2527 0.015574
2750 2528 0.012915
2755 2529 0.016674
2756 2533 0.0062144
2760 2538 0.032216
2784 2563 0.010145
2795 2576 0.0069806
2797 2579 0.00639
2799 2580 0.0061966
2800 2581 0.010585
2802 2582 0.021252
2828 2599 0.010333
2838 2602 0.0061686
2844 2606 0.0082222
2925 2664 0.0093979
2934 2677 0.017759
2940 2693 0.03068
2942 2701 0.0094481
2947 2716 0.008639
2969 2742 0.0336
2974 2747 0.0036327
2976 2748 0.014608
2988 2752 0.037503
2990 2753 0.012668
2991 2754 0.014895
2996 2760 0.022176
2999 2762 0.0043913
3002 2763 0.024157
3003 2764 0.0097825
3005 2769 0.0043456
3006 2770 0.0035386
3007 2766 0.027176
3009 2768 0.0029682
3013 2771 0.0048537
3014 2772 0.0063133
3023 2781 0.010498
3025 2782 0.0061652
3027 2783 0.003887
3043 2790 0.0059879
3044 2792 0.0084792
3063 2809 0.010201
3074 2815 0.0079905
3077 2820 0.015653
3109 2840 0.014855
3110 2621 0.029519
3115 2844 0.041553
3131 2875 0.028568
3132 2870 0.0193
3133 2872 0.020395
3139 2882 0.016179
3140 2881 0.017036
3141 2884 0.019778
3142 2878 0.034896
3158 2902 0.029529
3162 2904 0.023925
3175 2919 0.0051424
3176 2920 0.0098025
3182 2923 0.011439
3191 2937 0.028293
3197 2949 0.0055743
3199 2948 0.020192
3208 2952 0.01484
3209 2954 0.0043902
3210 2953 0.0063449
3211 2955 0.035464
3216 2961 0.010048
3218 2963 0.033057
3289 3045 0.028022
3290 3046 0.019768
3291 3047 0.032049
3292 3048 0.010105
3293 3049 0.0060246
3297 3050 0.016365
3301 3053 0.0044689
3302 3055 0.0083277
3303 3056 0.010837
3317 3058 0.0043603
3321 3061 0.0033471
3322 3062 0.0077174
3358 3102 0.011038
3368 3112 0.0081961
3371 3114 0.008123
3372 3115 0.0055032
3373 3118 0.01348
3374 3119 0.029752
3391 3148 0.031746
3396 3149 0.014458
3441 3186 0.025629
3443 3190 0.0053186
