193
57 56 0.03086
85 63 0.030649
99 77 0.032627
118 87 0.033453
148 140 0.021287
171 159 0.017913
203 198 0.03239
222 218 0.028532
294 302 0.035243
357 358 0.028169
384 373 0.01554
399 382 0.024212
554 508 0.01247
555 511 0.017412
556 522 0.029587
576 551 0.021663
579 552 0.029958
586 567 0.016934
601 582 0.025108
602 583 0.020513
627 594 0.041109
730 682 0.0057071
731 683 0.0087855
740 689 0.022151
741 694 0.0091466
747 701 0.0080789
772 716 0.018356
814 769 0.013319
845 813 0.015982
853 820 0.010734
885 849 0.040564
912 862 0.0084118
1102 932 0.017963
1110 946 0.027462
1124 955 0.016264
1125 951 0.012403
1188 1021 0.022839
1192 1013 0.03009
1193 1014 0.026793
1201 1030 0.018511
1218 1042 0.020923
1224 1050 0.024627
1267 1085 0.029908
1296 1108 0.032195
1340 1171 0.012253
1380 1224 0.01867
1390 1234 0.0068871
1411 1251 0.016489
1438 1281 0.013571
1447 1286 0.032685
1491 1331 0.0168
1502 1344 0.0082632
1503 1345 0.033733
1505 1351 0.0064884
1508 1355 0.023784
1511 704 0.041673
1513 1358 0.0199
1514 1359 0.020404
1515 1361 0.035354
1519 1367 0.015697
1581 1427 0.020477
1732 1483 0.034031
1735 1471 0.021287
1737 1491 0.030741
1743 1481 0.029188
1749 1489 0.033134
1750 1490 0.022242
1754 1496 0.01222
1759 1502 0.014155
1773 1531 0.025748
1774 1532 0.023457
1775 1533 0.016259
1783 1560 0.018282
1787 1567 0.034629
1796 1565 0.015453
1798 1566 0.018412
1805 1585 0.01646
1813 1591 0.040625
1816 1595 0.01484
1817 1592 0.015254
1829 1623 0.0086924
1845 1631 0.017099
1851 1639 0.016747
1854 1638 0.034478
1873 1650 0.021042
1875 1652 0.019514
1897 1671 0.021517
1900 1675 0.017616
1938 1719 0.013129
1945 1726 0.016754
1951 1728 0.030371
1957 1731 0.017684
1964 1259 0.020169
1976 1750 0.031837
1977 1752 0.014633
1981 1754 0.017477
1991 1758 0.021088
1992 1759 0.020494
2021 1773 0.022938
2022 1774 0.020959
2029 1780 0.010819
2030 1782 0.017845
2031 1783 0.020642
2046 1794 0.014847
2067 1799 0.034272
2074 1805 0.027634
2086 1830 0.0078951
2107 1848 0.02995
2224 1868 0.028384
2225 1869 0.023231
2227 1870 0.010707
2239 1894 0.02045
2241 1888 0.012553
2247 1910 0.019679
2248 1917 0.018322
2249 1913 0.013066
2250 1914 0.014612
2253 1911 0.013841
2275 1935 0.017024
2278 1937 0.014531
2279 1938 0.014354
2282 1944 0.028335
2302 1964 0.014596
2312 1974 0.028118
2313 1972 0.014053
2323 1988 0.0109
2329 1989 0.030968
2349 2002 0.010055
2354 2008 0.011521
2357 2013 0.010518
2358 2014 0.0077797
2370 2019 0.025999
2371 2020 0.0063502
2380 2027 0.014009
2381 2028 0.035807
2382 2029 0.0099579
2383 2030 0.0090029
2391 2035 0.031209
2398 2041 0.010807
2407 2054 0.0093799
2411 2057 0.025863
2422 2064 0.01254
2458 2102 0.017309
2463 2103 0.014874
2556 2127 0.011646
2557 2128 0.014677
2575 2134 0.010141
2580 2141 0.011306
2586 2148 0.019527
2596 2160 0.015602
2626 2207 0.010899
2628 2208 0.0084027
2629 2209 0.0099257
2634 2212 0.017893
2635 2213 0.010186
2643 2238 0.031302
2645 2240 0.007182
2655 2258 0.012656
2737 2294 0.015505
2752 2306 0.021376
2761 2312 0.025034
2768 2322 0.036788
2773 2331 0.0080687
2776 2333 0.0074623
2780 2339 0.012832
2784 2341 0.0051727
2785 2342 0.0055922
2788 2345 0.0059624
2789 2346 0.017034
2793 2348 0.0049115
2794 2349 0.0042523
2798 2350 0.015048
2799 2353 0.01573
2806 2368 0.018428
2809 2371 0.017466
2848 2396 0.016314
2852 2398 0.019248
2863 2411 0.0065426
2864 2412 0.005814
2866 2416 0.0057434
2872 2422 0.013593
2875 2423 0.021539
2882 2426 0.036527
2889 2432 0.0049156
2925 2459 0.035764
2927 2462 0.013096
2928 2463 0.025832
2929 2464 0.021277
2954 2480 0.025759
2955 2484 0.028315
2956 2485 0.016213
2987 2503 0.037992
2991 2508 0.027634
