168
93 91 0.026354
130 71 0.021076
132 101 0.027185
178 129 0.043953
191 145 0.023921
209 162 0.032426
213 176 0.028341
224 167 0.033152
247 178 0.018925
263 186 0.035421
336 255 0.019018
430 335 0.016285
508 424 0.023968
509 425 0.031673
514 436 0.019391
552 462 0.019679
643 556 0.021571
663 587 0.020716
671 595 0.01786
690 605 0.023478
719 619 0.024656
749 638 0.028624
760 643 0.02025
788 666 0.030523
988 880 0.042965
992 881 0.029556
1006 905 0.037429
1185 1067 0.026201
1250 1115 0.048518
1274 1119 0.025795
1275 1120 0.02673
1586 1306 0.026933
1674 1346 0.037668
1693 1370 0.02351
1706 1374 0.027459
1736 1399 0.02441
1761 1428 0.01498
1766 1430 0.02167
1770 1424 0.020615
1784 1442 0.024757
1791 1449 0.01957
1830 1459 0.0085537
1840 1468 0.029807
1891 1516 0.017797
1918 1546 0.015252
1951 1580 0.019288
1957 1583 0.032819
1985 1604 0.011956
1986 1602 0.01501
1989 1611 0.015659
1996 1621 0.026144
2000 1629 0.017627
2007 1638 0.026963
2016 1641 0.033751
2020 1645 0.017066
2043 1671 0.017657
2044 1672 0.010184
2058 1678 0.0080351
2135 1754 0.011441
2288 1858 0.018347
2630 2069 0.02529
2735 2121 0.027789
2740 2106 0.013469
2747 2116 0.014185
2796 2158 0.018123
2811 2170 0.017814
2837 2205 0.031557
2838 2206 0.029226
2839 2207 0.0199
2849 2215 0.021623
2863 2242 0.030492
2868 2243 0.029899
2874 2244 0.020326
2879 2247 0.017137
2907 2259 0.031326
2910 2257 0.015567
2911 2258 0.012416
2914 2263 0.0092905
2922 2268 0.01289
2925 2277 0.035794
2926 2275 0.0045821
2936 2290 0.023242
2950 2309 0.0098
2972 2334 0.011771
2994 2355 0.025216
2995 2365 0.014649
2999 2369 0.026712
3019 2385 0.024759
3036 2397 0.01554
3092 2448 0.027681
3119 2459 0.020714
3146 2483 0.01992
3166 2497 0.022474
3201 2526 0.04432
3243 2559 0.028678
3331 2593 0.039359
3352 2602 0.029258
3404 2629 0.019027
3406 2631 0.014819
3407 2632 0.021062
3445 2646 0.03755
3452 2667 0.035408
3455 2673 0.020352
3461 2677 0.031063
3465 2683 0.023204
3468 2691 0.017411
3470 2692 0.026612
3471 2693 0.027107
3480 2695 0.0083319
3491 2709 0.029374
3518 2732 0.0042319
3519 2733 0.0079637
3520 2734 0.016914
3538 2756 0.011768
3544 2759 0.019563
3581 2798 0.037567
3589 2807 0.034179
3634 2833 0.018985
3796 2937 0.039243
3797 2940 0.020605
3801 2941 0.020972
3815 2954 0.011563
3816 2961 0.016505
3821 2971 0.030499
3826 2974 0.014138
3831 2976 0.024772
3851 3001 0.023269
3852 3000 0.016375
3856 3003 0.026705
3862 3006 0.0039797
3866 3012 0.0095387
3867 3013 0.0068723
3871 3019 0.011684
3872 3020 0.02617
3873 3021 0.028885
3874 3022 0.028381
3884 3031 0.010706
3892 3039 0.010324
3897 3045 0.023846
3898 3046 0.017263
3920 3056 0.022017
3930 3070 0.022815
3941 3075 0.031791
4035 3110 0.022999
4039 3114 0.022996
4041 3118 0.014852
4044 3122 0.011544
4046 3125 0.011626
4050 3130 0.021239
4058 3138 0.018759
4084 3164 0.01752
4093 3178 0.01398
4188 3242 0.022492
4194 3246 0.011912
4199 3254 0.023376
4217 3266 0.028912
4222 3273 0.024665
4223 3274 0.020249
4257 3306 0.037437
4265 3308 0.024032
4267 3309 0.020733
4279 3318 0.036026
4290 3329 0.019428
4299 3339 0.041791
4307 3346 0.022569
4315 3355 0.025324
4337 3372 0.032593
4388 3421 0.042937
