426
47 13 0.021398
89 114 0.021688
116 164 0.037345
125 141 0.027263
182 221 0.037542
300 357 0.0092825
301 358 0.0087237
339 436 0.035305
399 468 0.027206
403 486 0.024373
404 487 0.023554
405 472 0.022353
414 494 0.020649
423 502 0.043123
464 542 0.024695
510 576 0.031772
524 615 0.01302
545 638 0.016277
563 669 0.015892
567 673 0.020157
568 674 0.017707
571 687 0.011567
572 688 0.0085879
577 689 0.012891
581 693 0.012752
585 700 0.017205
586 701 0.029214
591 709 0.027311
623 757 0.019977
625 759 0.018048
637 770 0.014696
638 767 0.014411
639 768 0.01541
734 854 0.04287
741 860 0.034786
765 895 0.008685
770 903 0.031876
804 928 0.036843
816 932 0.0079132
817 933 0.034412
818 937 0.028299
844 958 0.031674
887 1012 0.026002
888 1013 0.032422
910 1035 0.014567
1003 1113 0.031471
1036 1135 0.024602
1046 1144 0.024196
1054 1149 0.013904
1056 1152 0.018901
1067 1157 0.032648
1096 1161 0.024347
1104 1191 0.0092667
1138 1217 0.039006
1150 1229 0.013654
1159 1234 0.028918
1171 1239 0.021146
1176 1244 0.020148
1192 1266 0.019697
1198 1276 0.010412
1251 1327 0.032789
1254 1345 0.032516
1262 1354 0.013109
1263 1355 0.022269
1265 1347 0.0354
1266 1348 0.015154
1298 1394 0.018873
1299 1395 0.019864
1309 1402 0.016439
1354 1432 0.021805
1359 2517 0.045455
1364 1427 0.021038
1379 1451 0.020416
1407 1461 0.040214
1417 1487 0.014551
1432 1499 0.03698
1482 1553 0.030079
1498 1563 0.020335
1529 1580 0.032631
1536 1578 0.046565
1545 1608 0.022236
1582 1622 0.024418
1591 1619 0.035344
1595 1634 0.028531
1628 1677 0.031101
1643 1696 0.021786
1644 1697 0.034906
1649 1699 0.026163
1681 1731 0.012659
1703 1757 0.024188
1718 1802 0.032532
1723 1812 0.019141
1732 1826 0.014901
1733 1827 0.027932
1738 1832 0.027518
1752 1859 0.024322
1753 1860 0.021159
1762 1875 0.039779
1782 1893 0.026358
1816 1933 0.028851
1817 1938 0.02758
1822 1948 0.021868
1843 1980 0.026502
1853 1992 0.027048
1865 2003 0.0072659
1874 2017 0.024677
1876 2010 0.015015
1877 2027 0.0076109
1878 2028 0.010266
1879 2023 0.010905
1880 2029 0.0059396
1881 2019 0.011613
1890 2045 0.0059657
1891 2042 0.0059313
1893 2051 0.0106
1894 2052 0.025627
1895 2053 0.0099124
1898 2059 0.016684
1899 2060 0.0050594
1900 2061 0.0048687
1902 2063 0.019292
1915 2081 0.023001
1916 2082 0.015064
1928 2103 0.0061546
1929 2104 0.0061234
1930 2105 0.0052695
1945 2122 0.024615
1963 2145 0.041336
1983 2156 0.017101
2004 2170 0.012892
2034 2199 0.015932
2037 2196 0.038072
2042 2209 0.013684
2054 2218 0.029383
2055 2225 0.033798
2062 2236 0.039457
2086 2260 0.012984
2092 2278 0.03296
2109 2295 0.019445
2112 2304 0.026543
2113 2305 0.018618
2158 2337 0.025901
2159 2338 0.022382
2167 2347 0.017901
2168 2348 0.0054896
2181 2352 0.010166
2189 2357 0.017509
2223 2373 0.016151
2224 2375 0.0074428
2225 2376 0.0095378
2239 2383 0.014334
2240 2384 0.0097158
2241 2389 0.022217
2254 2395 0.0273
2257 2414 0.013878
2258 2413 0.019036
2260 2415 0.0099106
2267 2422 0.016626
2269 2431 0.020582
2270 2432 0.027532
2272 2437 0.0072535
2277 2438 0.025195
2304 2456 0.017114
2331 2482 0.041549
2337 2497 0.019576
2364 2533 0.036177
2365 2534 0.02043
2379 2542 0.0243
2396 2564 0.018723
2397 2574 0.014222
2398 2575 0.017296
2401 2577 0.0072104
2407 2587 0.010119
2417 2605 0.02804
2419 2603 0.036626
2420 2604 0.020003
2421 2608 0.019574
2424 2618 0.017224
2476 2687 0.010913
2477 2679 0.033365
2499 2699 0.031715
2515 2733 0.019865
2531 2753 0.025869
2546 2756 0.032926
2548 2765 0.019268
2554 2772 0.022717
2559 2775 0.017672
2574 2780 0.022152
2575 2781 0.019267
2585 2790 0.029621
2586 2791 0.033597
2618 2851 0.018836
2636 2867 0.024034
2648 2887 0.016714
2649 2889 0.021654
2650 2881 0.02399
2653 2896 0.0402
2666 2909 0.024673
2670 2919 0.017086
2678 2923 0.012768
2683 2929 0.016166
2685 2932 0.027973
2691 2942 0.0042195
2705 2954 0.009202
2717 2968 0.020649
2723 2973 0.011461
2741 2993 0.034679
2747 2997 0.036937
2753 3002 0.044297
2778 3026 0.021136
2780 3030 0.037326
2786 3037 0.0062369
2792 3047 0.020736
2793 3048 0.026189
2800 3055 0.018101
2806 3060 0.022161
2832 3089 0.029043
2833 3090 0.029868
2847 3097 0.015095
2848 3098 0.011812
2860 3103 0.012619
2868 3108 0.0087665
2870 3111 0.025231
2871 3112 0.025098
2886 3129 0.010385
2887 3130 0.0068138
2888 3127 0.018899
2893 3132 0.037758
2897 3133 0.017435
2899 3138 0.018455
2910 3149 0.0056358
2920 3156 0.034274
2925 3158 0.021132
2928 3164 0.014175
2936 3167 0.024124
2962 3197 0.022571
2965 3188 0.026498
2966 3199 0.0088872
2970 3205 0.0056114
2982 3222 0.013089
2986 3221 0.026999
2989 3230 0.0071231
2990 3231 0.0044853
2994 3236 0.03549
2995 3237 0.01542
3002 3241 0.0053552
3018 3253 0.019301
3025 2509 0.029525
3040 3271 0.011861
3041 3264 0.022288
3042 3280 0.014541
3051 3293 0.013655
3056 3301 0.035882
3062 3314 0.023197
3064 3326 0.021666
3065 3327 0.026326
3073 3348 0.0084637
3106 3380 0.025287
3113 3383 0.032132
3136 3399 0.011132
3148 3410 0.018951
3156 3415 0.013822
3157 3416 0.040204
3158 3417 0.030142
3167 3431 0.012029
3171 3428 0.017
3183 3437 0.018037
3204 3469 0.010109
3227 3498 0.023782
3239 3512 0.013
3249 3524 0.0073473
3257 3536 0.018311
3259 3541 0.011977
3263 3549 0.017232
3264 3550 0.020691
3294 3570 0.02896
3299 3573 0.011571
3300 3574 0.015569
3302 3576 0.040838
3304 3578 0.013915
3319 3590 0.011219
3321 3591 0.026745
3323 3596 0.014286
3334 3610 0.011269
3336 3607 0.026279
3339 3613 0.033456
3340 3614 0.016582
3343 3616 0.0151
3344 3617 0.017436
3351 3622 0.0070493
3371 3644 0.015649
3414 3666 0.0050905
3428 3668 0.023627
3429 3670 0.0040902
3436 3676 0.03652
3438 3677 0.024796
3440 3680 0.0099877
3445 3681 0.012918
3453 3685 0.012558
3459 3688 0.0095206
3463 3695 0.0231
3469 3698 0.028415
3470 3699 0.01931
3476 3705 0.020462
3477 3707 0.013325
3483 3716 0.024033
3485 3712 0.014781
3487 3717 0.026687
3488 3718 0.0096608
3506 3733 0.02319
3514 3749 0.020633
3519 3743 0.0081593
3528 3756 0.013956
3529 3762 0.019191
3531 3764 0.031606
3533 3768 0.027591
3534 3769 0.015565
3539 3774 0.013344
3541 3773 0.0052824
3565 3792 0.013756
3575 3799 0.010557
3577 3806 0.026155
3578 3807 0.028197
3585 3811 0.0066876
3586 3810 0.030108
3600 3833 0.013354
3601 3834 0.016504
3620 3863 0.015457
3621 3864 0.01044
3622 3865 0.010323
3645 3901 0.022084
3651 3904 0.025287
3654 3907 0.016895
3656 3913 0.019802
3658 3909 0.0088458
3659 3914 0.01357
3663 3915 0.017354
3673 3918 0.011334
3690 3929 0.017935
3699 3935 0.032491
3706 3940 0.011997
3709 3943 0.0083608
3710 3944 0.028714
3711 3945 0.015621
3722 3951 0.02178
3737 3972 0.0052007
3743 3974 0.019984
3752 3986 0.017473
3758 3985 0.018583
3764 3999 0.018368
3765 4001 0.017488
3775 4007 0.026896
3796 4022 0.018267
3811 4036 0.0064052
3814 4040 0.0092513
3816 4043 0.024309
3820 4049 0.02669
3821 4047 0.017759
3822 4048 0.026624
3826 4056 0.030978
3827 4057 0.030389
3831 4059 0.0070133
3834 4071 0.010663
3835 4073 0.021645
3846 4079 0.0096418
3847 4082 0.0060484
3850 4085 0.018116
3851 4086 0.0058417
3858 4088 0.040463
3873 4232 0.036377
3884 4100 0.02037
3890 4109 0.01188
3908 4119 0.023532
3915 4124 0.024845
3916 4121 0.020863
3917 4126 0.030916
3927 4130 0.013783
3939 4136 0.019492
3942 4142 0.024069
3943 4143 0.013578
3945 4145 0.014336
3946 4146 0.019494
3951 4148 0.012894
3957 4158 0.036207
3966 4171 0.018624
3971 4185 0.013347
3981 4193 0.031756
3999 4226 0.0034656
4007 4232 0.024582
4030 4248 0.0073146
4031 4249 0.0087604
4033 4251 0.020833
4034 4252 0.018756
4044 4263 0.0093836
4045 4266 0.0091242
4056 4276 0.021561
4059 4278 0.0093513
4068 4287 0.020306
4087 4302 0.034051
4088 4303 0.018156
4095 4308 0.0094792
4096 4312 0.025079
4102 4313 0.014139
4106 4314 0.0093528
4119 4323 0.025621
4128 4329 0.0035321
4129 4331 0.02272
4134 4332 0.025632
4135 4335 0.0070542
4136 4336 0.0058998
4138 4339 0.0056808
4146 4347 0.023856
4166 4362 0.023153
4167 4363 0.016752
4176 4364 0.0090149
4177 4365 0.012045
4183 4370 0.013799
4189 4379 0.032794
4195 4380 0.0077076
4213 4385 0.0093176
4223 4391 0.025125
4224 4394 0.010176
4227 4395 0.035997
4229 4397 0.033906
4233 4399 0.010038
4251 4412 0.025524
