135
49 67 0.025527
80 130 0.02555
182 257 0.033734
190 271 0.036826
195 282 0.027425
219 312 0.02839
220 313 0.024241
245 337 0.015585
247 320 0.033057
294 385 0.02418
327 427 0.0095972
338 440 0.037483
344 445 0.034244
683 741 0.01772
1164 1178 0.030479
1169 1176 0.030719
1179 1202 0.01596
1201 1216 0.039659
1208 1244 0.030551
1215 1258 0.023367
1222 1270 0.028435
1233 1285 0.017227
1269 1316 0.019038
1270 1317 0.031981
1279 1314 0.019847
1280 1315 0.01297
1283 1334 0.012117
1284 1330 0.016575
1311 1357 0.028688
1320 1358 0.028029
1444 1454 0.020481
1445 1455 0.018109
1450 1458 0.027657
1473 1475 0.033526
1483 1489 0.038331
1512 1518 0.03726
1525 1532 0.027525
1538 1549 0.017156
1552 1565 0.030084
1553 1566 0.027439
1608 1612 0.029451
1624 1617 0.021457
1786 1715 0.02804
1843 1815 0.016876
1844 1816 0.013055
1846 1824 0.02832
1849 1807 0.017303
1852 1817 0.01674
1853 1836 0.01406
1854 1837 0.014265
1874 1857 0.011925
1877 1855 0.010655
1879 1853 0.02826
1891 1876 0.022536
1895 1872 0.012708
1897 1878 0.016308
1910 1897 0.0099508
1917 1908 0.026823
1918 1909 0.018216
1919 1925 0.011566
1920 1900 0.024266
1929 1917 0.035624
1930 1918 0.044939
1952 1956 0.040187
1961 1964 0.02583
2003 1987 0.029469
2004 1988 0.031173
2008 1990 0.028126
2009 1991 0.020818
2014 1994 0.012597
2015 1993 0.038399
2040 2031 0.035533
2063 2060 0.020864
2076 2073 0.016079
2087 2099 0.019828
2088 2100 0.016948
2156 2156 0.024831
2157 2157 0.022836
2249 2212 0.047046
2250 2213 0.039663
2264 2265 0.012753
2294 2284 0.021102
2302 2290 0.017932
2305 2286 0.013944
2306 2287 0.010689
2311 2300 0.014222
2324 2314 0.010201
2325 2317 0.016524
2326 2318 0.022407
2328 2313 0.020987
2334 2326 0.030165
2338 2323 0.012911
2344 2339 0.020158
2347 2342 0.025491
2354 2355 0.017899
2358 2360 0.016647
2384 2386 0.029814
2385 2387 0.024114
2393 2391 0.02218
2399 2399 0.02976
2405 2404 0.019035
2406 2405 0.024445
2418 2414 0.023011
2518 2492 0.030639
2536 2525 0.020533
2550 2543 0.01467
2556 2547 0.025522
2559 2554 0.020653
2560 2555 0.0082979
2565 2562 0.0055062
2566 2563 0.0047431
2568 2568 0.014075
2569 2569 0.023679
2573 2567 0.016877
2577 2574 0.02034
2586 2583 0.021991
2592 2595 0.0034446
2611 2603 0.035326
2621 2608 0.021557
2627 2615 0.012548
2634 2620 0.018036
2635 2621 0.019102
2713 2674 0.038505
2714 2675 0.034369
2719 2701 0.02844
2739 2715 0.015765
2742 2716 0.017051
2762 2741 0.017326
2773 2752 0.017774
2788 2761 0.026169
2789 2762 0.035909
2883 2839 0.010903
2903 2865 0.014749
2919 2872 0.036088
2920 2873 0.048377
