469
13 14 0.026735
47 26 0.025878
52 45 0.019262
53 46 0.02228
54 25 0.018522
59 48 0.014979
104 127 0.025089
120 131 0.031754
135 146 0.024452
136 147 0.02037
147 156 0.03032
160 150 0.022803
166 163 0.028276
180 177 0.01414
192 173 0.024418
207 189 0.03689
222 214 0.027799
242 220 0.022522
261 253 0.025737
269 259 0.012176
271 234 0.025276
298 288 0.016926
299 289 0.0094944
308 276 0.029838
316 305 0.036695
334 309 0.011642
337 318 0.012506
342 330 0.018209
347 1456 0.026662
348 342 0.02337
349 343 0.01884
364 346 0.015983
368 369 0.0076202
371 362 0.026469
407 390 0.018365
409 398 0.01566
419 401 0.019245
427 403 0.023265
442 432 0.028456
444 428 0.011128
459 446 0.030362
464 442 0.0085227
465 443 0.0076015
510 477 0.0074753
511 478 0.0089438
517 474 0.014049
518 475 0.0095711
523 484 0.02446
526 480 0.0074625
527 481 0.011727
530 486 0.019896
535 506 0.036413
539 497 0.007862
540 498 0.0086352
557 527 0.016568
563 537 0.037938
569 542 0.0064051
585 552 0.015741
590 560 0.012472
599 563 0.023231
608 568 0.020696
609 567 0.019257
639 600 0.018893
640 602 0.016267
659 623 0.011868
660 619 0.0050033
661 620 0.00641
717 673 0.031657
743 700 0.030119
752 712 0.013227
765 726 0.0082643
774 731 0.0030257
776 733 0.013835
793 745 0.023472
832 755 0.014418
833 756 0.026158
857 763 0.02361
858 764 0.031739
875 784 0.019392
884 790 0.036909
915 805 0.015238
952 832 0.011711
963 834 0.028345
964 838 0.018021
980 851 0.037023
992 847 0.033669
998 855 0.016993
1014 871 0.013129
1015 872 0.01255
1016 868 0.0085997
1026 874 0.021018
1027 878 0.0122
1033 870 0.032545
1045 890 0.02367
1053 904 0.012189
1054 905 0.011718
1057 907 0.027522
1071 914 0.012575
1072 915 0.014167
1073 913 0.015715
1094 920 0.018622
1095 911 0.0077349
1099 917 0.024714
1115 935 0.021478
1116 936 0.013775
1127 1857 0.049131
1144 950 0.0071676
1149 954 0.017959
1153 953 0.031955
1157 955 0.0073564
1165 963 0.01818
1168 961 0.0074064
1169 967 0.027622
1175 977 0.030907
1184 970 0.0072869
1187 972 0.021017
1196 985 0.014569
1197 986 0.018027
1204 993 0.030543
1208 992 0.012417
1211 1002 0.010145
1239 1003 0.018707
1251 1024 0.0086536
1254 1027 0.018204
1256 1028 0.021381
1259 1018 0.017629
1274 1053 0.036704
1278 1056 0.030786
1282 1035 0.0058531
1284 1061 0.014932
1287 1052 0.012821
1289 1064 0.027351
1307 1071 0.013178
1321 1096 0.014978
1327 1102 0.02311
1329 1110 0.034216
1330 1101 0.015976
1338 1104 0.02808
1339 1119 0.037554
1340 1120 0.015348
1341 1121 0.013427
1374 1161 0.029033
1384 1146 0.022468
1401 1174 0.0081283
1444 1206 0.032841
1449 1219 0.018382
1451 1227 0.015391
1473 1234 0.027579
1530 1265 0.020629
1549 1268 0.013775
1551 1290 0.022566
1560 1284 0.010136
1561 1275 0.017576
1601 1304 0.022679
1609 1314 0.014709
1610 1315 0.018333
1611 1313 0.0090874
1618 1311 0.018668
1642 1350 0.019067
1647 1345 0.028233
1656 1358 0.02259
1673 1383 0.019006
1682 1392 0.012733
1684 1375 0.0090144
1700 1405 0.025108
1707 1413 0.015073
1708 1414 0.013389
1709 1415 0.018334
1750 1457 0.0073315
1751 1474 0.0091032
1763 1475 0.011803
1764 1469 0.020422
1766 1478 0.0047801
1783 1508 0.0077625
1793 1515 0.032483
1796 1514 0.020233
1808 1520 0.0083472
1823 1533 0.0076038
1824 1534 0.010931
1833 1543 0.024091
1839 1549 0.012996
1840 1545 0.0061884
1847 1552 0.0071067
1848 1558 0.015781
1856 1565 0.0068042
1859 1564 0.010965
1866 1569 0.014141
1868 1570 0.0049897
1871 1574 0.010518
1899 1601 0.0054158
1927 1631 0.0033214
1928 1637 0.0040454
1930 1639 0.0047824
1933 1640 0.031359
1934 1642 0.00394
1938 1649 0.014349
1939 1650 0.012617
1942 1655 0.031887
1944 1659 0.0059416
1951 1665 0.022084
1958 1675 0.0063365
1960 1674 0.0049029
1974 1693 0.0049227
1983 1698 0.028531
1984 1701 0.012361
1986 1699 0.030246
1990 1704 0.023518
1991 1705 0.0059099
1993 1708 0.033706
1996 1709 0.023536
2004 1720 0.026886
2006 1723 0.027794
2007 1725 0.017286
2010 1732 0.021844
2017 1747 0.011844
2020 1751 0.0037686
2021 1752 0.0063003
2026 1758 0.015263
2047 1797 0.033801
2061 1799 0.017576
2069 1807 0.013926
2070 1816 0.01763
2071 1817 0.011696
2077 1822 0.032626
2085 1830 0.030184
2097 1828 0.012042
2098 1840 0.017723
2114 1854 0.019273
2120 1868 0.032684
2121 1869 0.036597
2134 1890 0.022839
2144 1895 0.017689
2145 1888 0.010155
2159 1909 0.031851
2160 1907 0.015837
2161 1908 0.0098348
2181 1921 0.0043192
2182 1922 0.0030198
2193 1928 0.0070806
2196 1940 0.020706
2199 1939 0.0060964
2213 1954 0.005457
2219 1969 0.019942
2223 1964 0.013236
2227 1957 0.021482
2233 1973 0.012879
2235 1975 0.0067473
2238 1974 0.024386
2246 1992 0.01877
2247 1995 0.02189
2248 1996 0.037009
2249 1986 0.021335
2250 1987 0.020533
2251 1988 0.011488
2275 2013 0.012329
2276 2014 0.0061323
2280 2030 0.038554
2281 2021 0.031402
2287 2025 0.024267
2298 2039 0.023802
2299 2040 0.013804
2317 2087 0.012144
2320 2082 0.0079797
2321 2083 0.010077
2323 2081 0.029143
2344 2109 0.015287
2349 2123 0.011984
2350 2128 0.0075262
2352 2126 0.02722
2357 2125 0.014673
2380 2142 0.020036
2391 2166 0.021737
2395 2168 0.018042
2411 2179 0.021636
2427 2191 0.023555
2428 2192 0.021158
2434 2201 0.0096222
2439 2206 0.019053
2444 2202 0.011567
2445 2203 0.022978
2454 2208 0.01076
2455 2209 0.0076036
2456 2210 0.0077809
2463 2216 0.002494
2465 2219 0.016617
2466 2218 0.0028311
2474 2224 0.0054191
2481 2223 0.012088
2487 2234 0.0083215
2501 2251 0.0039405
2504 2254 0.0020225
2511 2256 0.0066464
2512 2257 0.0063516
2523 2263 0.0086563
2525 2264 0.0098496
2526 2265 0.019385
2553 2291 0.02352
2554 2290 0.027335
2576 2321 0.036523
2580 2324 0.036081
2584 2327 0.013986
2597 2336 0.01133
2600 2337 0.0079033
2607 2346 0.0054955
2610 2349 0.020971
2635 2368 0.0069193
2657 2379 0.0083003
2658 2380 0.006797
2664 2382 0.011351
2668 2389 0.038819
2670 2388 0.014362
2673 2398 0.020163
2674 2399 0.040697
2676 2395 0.0069723
2690 2396 0.0068737
2691 2403 0.026023
2694 2404 0.0098746
2695 2405 0.0337
2698 2409 0.0046038
2700 2413 0.025342
2701 2411 0.010584
2703 2419 0.011004
2704 2421 0.018446
2713 2428 0.0086543
2740 2444 0.0057839
2741 2448 0.010799
2743 2451 0.001638
2744 2445 0.0095368
2745 2450 0.0095656
2753 2468 0.0074043
2757 2471 0.010494
2758 2473 0.01739
2763 2472 0.015172
2767 2469 0.0068843
2768 2470 0.024988
2778 2492 0.029231
2789 2498 0.012594
2790 2499 0.029607
2814 2531 0.023008
2818 2529 0.021079
2823 2533 0.004488
2825 2534 0.0205
2828 2537 0.018211
2829 2538 0.020873
2830 2539 0.021892
2832 2543 0.014321
2833 2545 0.016278
2836 2540 0.020179
2846 2558 0.011153
2864 2573 0.0087129
2865 2574 0.0081329
2869 2571 0.0075077
2877 2575 0.032897
2878 2576 0.014934
2887 2581 0.027469
2888 2582 0.027604
2898 2592 0.0080981
2899 2593 0.0070344
2908 2605 0.01084
2911 2606 0.010519
2912 2607 0.014609
2926 2612 0.028526
2936 2613 0.022309
2941 2625 0.0091192
2944 2626 0.0058809
2950 2636 0.0050869
2963 2639 0.0073267
2974 2645 0.026678
2984 2661 0.0027119
3004 2685 0.0054336
3018 2699 0.0046432
3026 2705 0.01358
3027 2707 0.025786
3032 2709 0.006199
3033 2710 0.0053637
3034 2714 0.0081996
3063 2728 0.0024892
3067 2727 0.01032
3076 2737 0.03077
3077 2738 0.017046
3081 2735 0.0066176
3082 2740 0.0053419
3084 2743 0.026185
3094 2754 0.026891
3099 2755 0.0062146
3118 2784 0.019089
3120 2791 0.0033747
3123 2796 0.0041813
3128 2805 0.0076873
3129 2806 0.012753
3131 3013 0.026123
3133 2808 0.035641
3134 2809 0.0045683
3146 2818 0.0094275
3147 2819 0.015474
3148 2820 0.0064878
3157 2832 0.007575
3158 2834 0.0072434
3159 2837 0.018875
3165 2841 0.015757
3171 2856 0.021517
3180 2858 0.0052776
3184 2861 0.011032
3185 2863 0.029767
3194 2872 0.0079649
3198 2880 0.013712
3199 2877 0.0075931
3200 2878 0.01103
3201 2881 0.018404
3208 2891 0.019936
3213 2895 0.0081501
3221 2903 0.0059843
3223 2904 0.0054191
3228 2907 0.013168
3229 2911 0.019112
3241 2924 0.0046399
3242 2925 0.0057143
3250 3074 0.032846
3251 2938 0.032531
3257 2943 0.019666
3264 2946 0.012197
3272 2950 0.011844
3280 2959 0.0068849
3284 2967 0.0046239
3286 2972 0.0071609
3288 2974 0.021126
3289 2976 0.0021685
3292 2985 0.0074277
3299 2999 0.0040256
3300 3000 0.00427
3302 3004 0.0038385
3336 3032 0.0046735
3352 3049 0.019804
3359 3052 0.0041783
3383 3066 0.010949
3387 3069 0.002515
3389 3076 0.0049482
3390 3080 0.015693
3391 3081 0.011464
3392 3082 0.0060053
3397 3089 0.0037639
3398 3091 0.002723
3402 3102 0.0079016
3406 3103 0.0022092
3408 3105 0.01335
3409 3104 0.0018428
3412 3109 0.0044289
3413 3110 0.006168
3421 3118 0.036478
3434 3132 0.022647
3435 3133 0.014524
3448 3145 0.018605
3449 3146 0.021535
3454 3149 0.019612
3456 3151 0.016553
3457 3152 0.016919
3460 3153 0.026646
3465 3217 0.029012
3502 3189 0.018434
3503 3188 0.0164
3519 3212 0.010365
3520 3213 0.020083
3578 3257 0.0055047
3592 3284 0.0039469
3593 3285 0.0048258
3594 3287 0.0045549
3596 3288 0.010081
3598 3293 0.025329
3606 3317 0.03239
