483
23 20 0.011928
24 15 0.030188
28 38 0.018847
29 39 0.027944
33 26 0.016292
35 27 0.0066379
43 44 0.022142
48 18 0.026726
75 40 0.016451
76 41 0.016073
87 57 0.01235
107 87 0.01511
126 88 0.021102
143 99 0.01317
158 134 0.016299
174 131 0.023794
183 117 0.021631
201 143 0.034864
238 164 0.034346
239 165 0.039682
249 200 0.021944
265 208 0.015785
267 218 0.026704
303 239 0.020046
306 237 0.031576
308 229 0.022352
309 245 0.011869
317 257 0.019926
321 248 0.02297
322 247 0.022833
328 277 0.0089337
339 276 0.018804
369 303 0.011034
372 311 0.013145
389 350 0.015006
390 351 0.01646
398 353 0.016463
403 345 0.010012
405 373 0.0051751
411 360 0.0078885
412 361 0.013194
413 366 0.0096165
415 363 0.010951
421 367 0.017135
438 378 0.01552
440 383 0.011923
443 391 0.0086181
444 389 0.016034
445 385 0.021081
450 402 0.0053457
471 433 0.017796
473 437 0.02309
474 438 0.014562
476 432 0.0094918
480 447 0.021938
483 461 0.011016
505 478 0.031991
509 483 0.0099484
512 476 0.01599
519 487 0.0082483
521 491 0.018177
522 495 0.0077896
533 484 0.0077621
534 485 0.014729
536 500 0.024029
543 508 0.0081444
544 494 0.017287
545 515 0.0086818
546 1814 0.034599
548 505 0.01488
549 519 0.0048266
550 520 0.0059494
553 529 0.012283
557 544 0.029612
558 545 0.028562
575 547 0.0081293
592 564 0.0068841
593 568 0.0080605
600 574 0.019706
601 575 0.026206
611 591 0.0081982
616 601 0.0093056
617 597 0.0061038
625 617 0.0070915
653 648 0.010392
681 674 0.014418
720 707 0.034553
721 708 0.032315
727 710 0.041932
732 719 0.0081324
746 726 0.026034
758 735 0.015022
759 736 0.02368
774 747 0.01275
799 770 0.01064
810 781 0.013972
813 785 0.010018
824 795 0.017362
831 796 0.023472
841 810 0.018525
842 811 0.019273
853 829 0.0068863
867 854 0.0088745
894 865 0.0062686
898 874 0.012037
924 894 0.012262
925 895 0.013922
927 901 0.021022
931 924 0.012779
938 916 0.023702
941 929 0.0066833
945 923 0.030198
963 950 0.018358
964 958 0.031203
965 939 0.0064428
967 937 0.0045734
991 1002 0.019538
992 1003 0.026514
996 1004 0.02772
999 1001 0.023981
1015 1050 0.022681
1031 1068 0.024762
1040 1081 0.031312
1043 1074 0.021304
1052 1098 0.028561
1080 1132 0.013636
1084 1147 0.016198
1089 1151 0.032689
1129 1213 0.014409
1156 1245 0.026877
1157 1246 0.022871
1281 1416 0.011941
1282 1417 0.016816
1298 1434 0.005713
1324 1465 0.039131
1353 1540 0.022999
1358 1544 0.027879
1365 1541 0.022889
1368 1564 0.020195
1378 1556 0.021843
1390 1559 0.010428
1395 1593 0.0343
1402 1596 0.014434
1443 1624 0.036226
1464 1648 0.020037
1473 1661 0.013127
1474 1662 0.015461
1484 1663 0.024873
1493 1691 0.026386
1496 1698 0.019062
1500 1719 0.021462
1512 1723 0.016165
1527 1726 0.01398
1555 1740 0.027766
1562 1754 0.0059612
1565 1756 0.014739
1575 1761 0.016372
1576 1762 0.023518
1582 1767 0.0212
1590 1771 0.021645
1600 1775 0.019109
1609 1785 0.0025639
1612 1786 0.0081154
1615 1784 0.0058064
1625 1803 0.014083
1626 1791 0.013362
1627 1792 0.012385
1630 1806 0.0073232
1631 1807 0.0073985
1648 1820 0.010445
1651 1825 0.0049353
1655 1819 0.0079237
1666 1836 0.0090439
1673 1837 0.0095526
1676 1841 0.01292
1677 1844 0.025423
1679 1846 0.0078965
1681 1853 0.0059966
1688 1857 0.0063308
1695 1875 0.0064516
1697 1872 0.01356
1702 1877 0.013412
1706 1879 0.0088522
1707 1880 0.01758
1717 1883 0.015576
1718 1885 0.011027
1725 1889 0.018136
1730 1895 0.01385
1775 1940 0.0096885
1776 1941 0.0070234
1777 1947 0.026571
1811 1980 0.025897
1826 1988 0.006888
1835 1998 0.015681
1844 2005 0.0033264
1852 2012 0.024153
1853 2013 0.024922
1856 2024 0.0065289
1857 2018 0.0069012
1875 2029 0.008426
1876 2041 0.0056301
1886 2040 0.011167
1887 2044 0.041343
1889 2052 0.023665
1893 2059 0.01
1896 2064 0.028803
1900 2063 0.0050991
1909 2084 0.0076604
1914 2087 0.028603
1915 2083 0.010683
1918 2090 0.016009
1928 2108 0.022586
1929 2103 0.035002
1931 2105 0.0097975
1932 2106 0.0084905
1940 2110 0.031453
1942 2112 0.022156
1953 2123 0.0057332
1954 2124 0.005874
1962 2127 0.01779
1980 2162 0.0086726
1998 2175 0.018439
1999 2176 0.015083
2010 2184 0.012465
2052 2240 0.020781
2070 1425 0.014226
2078 2284 0.027816
2113 2335 0.017415
2114 2336 0.015501
2120 2328 0.012252
2128 2331 0.017284
2136 2353 0.0073082
2144 2851 0.033995
2145 2362 0.016914
2150 2364 0.022024
2166 2384 0.0039821
2174 2388 0.024461
2175 2389 0.027994
2176 2392 0.0060618
2177 2393 0.0097312
2182 2402 0.014109
2191 2401 0.010595
2212 2416 0.017826
2223 2446 0.026806
2225 2448 0.016974
2226 2437 0.012852
2227 2438 0.024145
2228 2442 0.015261
2229 2443 0.023997
2246 2458 0.044027
2249 2461 0.0068222
2251 2467 0.0061149
2252 2468 0.0036803
2253 2472 0.0075417
2254 2473 0.0063328
2255 2475 0.010759
2256 2478 0.015038
2262 2482 0.0044706
2267 2490 0.0096253
2274 2499 0.0012344
2276 2497 0.0092969
2283 2505 0.010354
2287 2508 0.0031833
2288 2509 0.0018865
2289 2510 0.022725
2293 2514 0.011851
2300 2515 0.022345
2301 2520 0.0025047
2302 2521 0.0024015
2303 2516 0.0033235
2310 2524 0.019478
2311 2527 0.0084211
2318 2530 0.0059659
2322 2532 0.0032223
2324 2540 0.011091
2328 2542 0.030182
2335 2547 0.017956
2337 2549 0.005315
2360 2566 0.0040277
2363 2565 0.012515
2366 2568 0.013168
2381 2574 0.01235
2387 2582 0.03632
2408 2590 0.018157
2409 2591 0.012811
2413 2587 0.0014471
2432 2602 0.0081774
2439 2615 0.0057305
2442 2617 0.018909
2444 2623 0.009987
2445 2624 0.0040397
2446 2622 0.0057955
2453 2632 0.0055033
2454 2631 0.010101
2457 2636 0.0020628
2458 2644 0.0092015
2463 2649 0.017537
2470 2662 0.020293
2472 2654 0.006863
2473 2661 0.023462
2476 2655 0.0063295
2477 2665 0.014595
2478 2666 0.0076736
2487 2667 0.0010301
2493 2679 0.023338
2498 2685 0.018005
2507 2687 0.0068342
2528 2710 0.021281
2537 2716 0.043045
2594 2776 0.020563
2623 2819 0.012661
2640 2843 0.016892
2644 2850 0.013742
2649 2857 0.018459
2651 2859 0.010292
2652 2860 0.010335
2653 2867 0.024339
2654 2862 0.012965
2655 2863 0.01054
2656 2861 0.011674
2657 2866 0.014447
2663 2870 0.0059752
2664 2871 0.0086466
2670 2884 0.0038684
2674 2896 0.016858
2675 2897 0.021189
2679 2904 0.011578
2680 2905 0.014107
2687 2902 0.014328
2694 2907 0.0041368
2696 2909 0.0056008
2697 2916 0.0077172
2698 2917 0.0083444
2700 2918 0.0049094
2701 2919 0.0062188
2702 2920 0.014813
2703 2925 0.014423
2705 2924 0.013351
2707 2928 0.0059811
2711 2935 0.017547
2712 2938 0.0051591
2727 2953 0.0024216
2729 2948 0.015725
2736 2956 0.016191
2737 2957 0.016598
2738 2958 0.01659
2739 2960 0.0090379
2740 2961 0.018734
2741 2962 0.015414
2742 2959 0.0073168
2743 2964 0.0081477
2744 2965 0.0099542
2745 2967 0.0085692
2748 2972 0.0078908
2749 2973 0.0053839
2757 2980 0.0046339
2762 2982 0.011213
2781 3011 0.0032582
2800 3025 0.008955
2801 3028 0.0092873
2803 3030 0.014339
2805 3031 0.0040097
2813 3036 0.0028357
2816 3043 0.0043815
2817 3044 0.0093375
2825 3053 0.0075186
2826 3055 0.01133
2827 3056 0.010542
2828 3054 0.0058077
2838 3065 0.032271
2839 3066 0.030853
2846 3075 0.013528
2852 3079 0.0050729
2853 3080 0.010354
2856 3085 0.0056496
2860 3086 0.0087046
2871 3097 0.038226
2873 3098 0.011209
2880 3107 0.0091993
2881 3108 0.011385
2897 3119 0.0053325
2942 3167 0.0073546
2943 3169 0.013797
2945 3172 0.0072385
2946 3173 0.0083918
2947 3175 0.006674
2949 3177 0.031585
2951 3183 0.01351
2959 3187 0.0058984
2965 3191 0.013582
2969 3193 0.0094457
2979 3203 0.0041662
2990 3209 0.0024511
2992 3210 0.0064231
3002 3214 0.0098731
3004 3216 0.015032
3005 3219 0.020333
3014 3224 0.0012601
3027 3233 0.0072734
3029 3238 0.01743
3033 3240 0.0016569
3049 3260 0.010405
3050 3262 0.0048018
3051 3263 0.015596
3053 3266 0.014756
3055 3274 0.013412
3057 3279 0.017717
3062 3281 0.0094582
3063 3282 0.0063702
3069 3283 0.011585
3074 3285 0.0012519
3083 3290 0.016303
3085 3293 0.021808
3086 3294 0.0091729
3091 3113 0.021736
3105 3322 0.017192
3106 3323 0.01244
3109 3327 0.021674
3112 3328 0.011212
3115 3330 0.01167
3116 3331 0.012198
3117 3332 0.0096156
3127 3334 0.029959
3134 3340 0.0089948
3141 3346 0.01325
3142 3347 0.0078573
3147 3351 0.010491
3153 3354 0.0037944
3154 3355 0.0034669
3155 3356 0.012913
3157 3353 0.00843
3163 3366 0.0045485
3165 3367 0.0074313
3166 3368 0.013854
3168 3372 0.0082291
3169 3373 0.0080546
3173 3377 0.012613
3181 3386 0.0049506
3191 3393 0.0020613
3192 3394 0.0027568
3195 3395 0.0067796
3219 3417 0.010529
3220 3418 0.011176
3221 3419 0.023101
3227 3425 0.0043244
3244 3437 0.016466
3252 3451 0.0032614
3257 3458 0.0088546
3258 3461 0.013635
3260 3463 0.0062455
3262 3467 0.016953
3275 3473 0.032421
3278 3474 0.0025384
3279 3475 0.0018949
3302 3496 0.009854
3310 3498 0.002406
3311 3499 0.0028359
3319 3506 0.0060589
3320 3507 0.018458
3327 3510 0.0070898
3332 3516 0.02178
3341 3526 0.0042166
3360 3541 0.012533
3363 3543 0.0063337
3364 3544 0.0043717
3365 3547 0.015824
3381 3553 0.02628
3383 3557 0.013115
3384 3558 0.0089771
3385 3560 0.013194
3386 3561 0.012804
3387 3562 0.016709
3390 3534 0.011881
3391 3566 0.0014715
3393 3568 0.02033
3396 3570 0.023573
3397 3575 0.0017151
3400 3580 0.0073843
3401 3581 0.0080768
3402 3582 0.022145
3413 3585 0.035512
3416 3591 0.0065855
3435 3603 0.014164
