438
35 16 0.027357
54 43 0.032689
78 71 0.029737
98 67 0.022725
123 106 0.007991
154 115 0.013161
163 135 0.016729
197 160 0.0090324
199 169 0.025934
217 165 0.017792
220 184 0.021269
221 185 0.023468
229 199 0.01904
234 205 0.018663
240 198 0.0066289
241 211 0.032436
252 216 0.024495
259 217 0.02955
279 240 0.017488
320 274 0.027196
326 275 0.013606
334 291 0.02297
357 298 0.036587
386 339 0.029459
397 328 0.033725
447 400 0.015954
448 401 0.018503
505 456 0.016968
529 469 0.010208
531 478 0.0099637
533 474 0.0058636
555 490 0.0068034
562 493 0.00683
563 500 0.01116
574 505 0.006227
583 514 0.01821
633 587 0.026507
638 598 0.026242
641 612 0.0078999
642 617 0.013919
657 636 0.023694
659 637 0.030624
677 653 0.015016
683 656 0.035433
705 672 0.022612
707 676 0.0097184
711 678 0.016954
716 684 0.007184
730 694 0.006123
731 695 0.0041406
736 697 0.0075692
738 698 0.024859
741 703 0.0081526
757 716 0.013192
762 729 0.012414
773 739 0.032429
782 750 0.009451
790 762 0.01702
795 773 0.022295
800 788 0.0035972
801 797 0.0067715
803 792 0.0064541
804 794 0.02744
805 798 0.0049374
806 799 0.0041289
810 800 0.010285
830 817 0.0084159
838 826 0.006925
839 827 0.0071111
842 831 0.0068479
843 832 0.01796
844 837 0.012704
853 842 0.024678
862 859 0.017124
887 870 0.0081
888 872 0.02329
889 873 0.03375
910 888 0.029154
918 905 0.029068
919 906 0.016196
927 908 0.020799
933 913 0.0044912
936 914 0.016679
977 936 0.0064037
983 941 0.019307
1001 949 0.013501
1013 960 0.023732
1039 969 0.0054311
1056 982 0.016782
1082 999 0.010493
1125 1023 0.016262
1134 1027 0.02098
1151 1042 0.023826
1157 1044 0.025814
1162 1036 0.0050167
1164 1040 0.040972
1188 1059 0.0050241
1199 1062 0.0094934
1230 1099 0.016887
1248 1111 0.029782
1250 1114 0.017369
1255 1106 0.028428
1258 1107 0.01453
1271 1116 0.020533
1287 1139 0.013573
1297 1128 0.014997
1310 1137 0.023037
1317 1163 0.01641
1318 1164 0.029296
1329 1171 0.026603
1340 1172 0.031025
1341 1173 0.014686
1357 1184 0.016722
1359 1189 0.013432
1360 1190 0.014507
1365 1203 0.00854
1370 1204 0.019107
1374 1196 0.0099928
1375 1195 0.018526
1378 1202 0.02692
1413 1241 0.011519
1429 1266 0.016043
1431 1242 0.012948
1434 1261 0.020742
1438 1258 0.028547
1453 1279 0.026544
1466 1292 0.0063495
1479 1298 0.023896
1490 1313 0.0059141
1491 1319 0.0068018
1492 1320 0.0093481
1498 1323 0.0079652
1513 1328 0.006318
1515 1327 0.0046625
1522 1336 0.0057928
1529 1342 0.0038966
1530 1343 0.0059317
1531 1344 0.018529
1538 1352 0.009799
1539 1353 0.008467
1543 1358 0.01004
1564 1384 0.023538
1571 1396 0.032077
1583 1410 0.0041948
1584 1420 0.019285
1589 1424 0.025239
1603 1436 0.020575
1610 1444 0.015153
1612 1446 0.013151
1617 1452 0.038717
1622 1463 0.024115
1623 1465 0.016411
1625 1469 0.0058296
1626 1470 0.0047444
1648 1485 0.0082042
1666 1509 0.01949
1677 1521 0.0054376
1678 1517 0.011079
1679 1518 0.028363
1684 1525 0.026103
1698 1543 0.0017369
1699 1544 0.0012815
1707 1547 0.0090381
1709 1555 0.015864
1710 1556 0.013539
1714 1560 0.019631
1719 1564 0.010251
1739 1580 0.0027314
1745 1587 0.017465
1761 1603 0.007691
1784 1610 0.0099255
1812 1628 0.0037858
1827 1641 0.022591
1831 1640 0.0041101
1832 1647 0.023904
1843 1645 0.011873
1844 1646 0.013454
1862 1667 0.037116
1863 1668 0.015494
1871 1662 0.024904
1873 1666 0.016866
1890 1015 0.020962
1892 1678 0.030443
1914 1694 0.0092393
1916 1696 0.0145
1926 1697 0.047626
1933 1702 0.021929
1940 1700 0.0081946
1962 1707 0.017281
1968 1709 0.025334
2008 1738 0.0079486
2009 1739 0.012342
2027 1746 0.016615
2034 1756 0.019584
2035 1757 0.015831
2053 1768 0.014263
2062 1776 0.013005
2067 1780 0.010419
2085 1800 0.017816
2088 1801 0.015814
2089 1810 0.012816
2090 1811 0.028882
2092 1802 0.012553
2102 1815 0.013669
2118 1833 0.014101
2119 1834 0.02758
2124 1831 0.0055005
2125 1832 0.020032
2128 1842 0.0092643
2132 1844 0.010008
2149 1879 0.014084
2151 1877 0.026853
2152 1878 0.018703
2164 1884 0.0060941
2167 1888 0.012679
2177 1908 0.0074404
2181 1914 0.0035694
2182 1918 0.0052773
2183 1919 0.0039321
2201 1940 0.0067668
2202 2355 0.015939
2218 1973 0.0078401
2221 1975 0.0039561
2236 1997 0.0034455
2240 2008 0.0054055
2241 2009 0.003073
2250 2019 0.0057791
2252 2024 0.02377
2257 2026 0.0050664
2262 2035 0.020859
2267 2042 0.0044132
2268 2043 0.0042733
2270 2045 0.0040337
2273 2057 0.0053769
2275 2054 0.014616
2276 2055 0.019083
2277 2056 0.0256
2279 2058 0.010022
2280 2059 0.0052091
2283 2063 0.004026
2288 2071 0.0074862
2295 2083 0.02452
2304 2085 0.0027022
2310 2087 0.0047049
2312 2088 0.0075701
2313 2089 0.010566
2325 2100 0.0035029
2329 2109 0.0066565
2336 2111 0.024406
2341 2113 0.011809
2353 2119 0.020807
2359 2121 0.0039501
2361 2122 0.0061147
2370 2129 0.012068
2372 2128 0.012668
2379 2138 0.0074044
2380 2139 0.011908
2382 2134 0.027872
2395 2152 0.0061545
2396 2148 0.0063008
2400 2156 0.016444
2403 2154 0.006705
2407 2155 0.020387
2411 2158 0.024531
2424 2176 0.014669
2425 2177 0.015294
2429 2179 0.012648
2444 2183 0.014146
2460 2193 0.0035195
2461 2197 0.023787
2463 2191 0.025814
2469 2196 0.008802
2471 2202 0.0034248
2472 2201 0.016976
2495 2240 0.010332
2513 2252 0.036549
2515 2262 0.0079764
2516 2263 0.024154
2520 2271 0.028942
2527 2280 0.029495
2536 2291 0.0051886
2556 2307 0.016777
2557 2308 0.013096
2562 2320 0.013733
2586 2353 0.0019516
2589 2364 0.03382
2594 2374 0.008058
2600 2389 0.0084181
2603 2394 0.013238
2612 2401 0.0029991
2613 2402 0.0030335
2616 2408 0.0011893
2617 2409 0.0016209
2618 2410 0.0036586
2620 2415 0.003113
2626 2421 0.0033841
2633 2431 0.017344
2638 2436 0.0019384
2639 2438 0.0014112
2644 2446 0.001761
2651 2450 0.013178
2657 2454 0.019254
2659 2456 0.006311
2662 2462 0.010202
2665 2464 0.017278
2667 2466 0.021333
2669 2468 0.0094161
2672 2470 0.0089187
2683 2473 0.0027409
2691 2476 0.0015879
2703 2482 0.0036473
2717 2494 0.012166
2720 2497 0.0049821
2723 2495 0.0033392
2736 2501 0.012739
2739 2503 0.0040388
2744 2508 0.01323
2751 2512 0.010628
2755 2511 0.0022924
2758 2519 0.0030471
2774 2530 0.0064895
2775 2531 0.013084
2776 2529 0.0019298
2807 2562 0.016215
2813 2570 0.0081088
2817 2576 0.012729
2818 2573 0.0090735
2820 2578 0.0059197
2821 2579 0.005024
2823 2584 0.017338
2831 2589 0.0059354
2832 2590 0.0092784
2841 2594 0.013911
2842 2595 0.022356
2851 2605 0.014662
2860 2610 0.0085207
2861 2611 0.0079237
2872 2621 0.0019578
2873 2622 0.0030953
2881 2638 0.040831
2882 2639 0.0051844
2889 2641 0.0033651
2902 2648 0.0067301
2903 2649 0.0024606
2905 2650 0.0020453
2907 2653 0.02938
2919 2666 0.0016647
2921 2670 0.0073703
2928 2678 0.0013117
2931 2682 0.012709
2932 2686 0.0058028
2933 2687 0.0081496
2938 2689 0.006805
2940 2691 0.0037043
2944 2695 0.015537
2945 2694 0.016561
2964 2704 0.0062816
2965 2705 0.022766
2970 2706 0.017204
2979 2709 0.00060679
2980 2710 0.0055992
2981 2711 0.010534
2984 2718 0.011575
2987 2714 0.021257
2995 2728 0.020104
2998 2729 0.0090677
3018 2748 0.0052901
3022 2754 0.01276
3025 2758 0.015269
3026 2759 0.0072341
3028 2763 0.011521
3029 2764 0.0068071
3036 2782 0.0025548
3037 2783 0.0063595
3039 2787 0.033574
3040 2790 0.0050776
3042 2792 0.0057416
3044 2796 0.0064203
3050 2804 0.025599
3051 2803 0.0012404
3054 2808 0.010194
3056 2810 0.0020077
3068 2812 0.0036348
3078 2818 0.018165
3079 2817 0.0046597
3081 2822 0.010658
3083 2823 0.0018674
3084 2824 0.0078913
3085 2825 0.010086
3090 2831 0.01664
3092 2832 0.0085236
3099 2837 0.021194
3108 2839 0.020541
3111 2841 0.0073517
3114 2846 0.011907
3117 2849 0.010803
3125 2853 0.013119
3127 2856 0.029297
3137 2868 0.0041804
3140 2879 0.0069512
3146 2887 0.0011258
3149 2888 0.0067847
3152 2890 0.0051437
3156 2893 0.0016302
3158 2895 0.013572
3162 2897 0.023418
3163 2898 0.018452
3167 2899 0.0066762
3177 2903 0.020899
3188 2912 0.0081864
3195 2916 0.029567
3197 2919 0.0069791
3207 2931 0.0099752
3209 2934 0.0021099
3211 2935 0.0093494
3212 2936 0.02314
3219 2940 0.0017513
3221 2942 0.0079162
3222 2941 0.00090904
3223 2943 0.0076582
3239 2946 0.004585
3243 2947 0.029418
3247 2952 0.018606
3249 2957 0.0030627
3258 2958 0.010635
3259 2959 0.0037833
3267 2966 0.0020857
3272 2967 0.0015333
3275 2968 0.002577
3277 2969 0.0093507
3287 2980 0.029628
3292 2985 0.0061922
3293 2986 0.0046255
3301 2999 0.0053
3307 2971 0.031472
3313 3009 0.015829
3330 3021 0.039626
3335 3024 0.016978
