211
62 22 0.019599
84 64 0.032625
85 65 0.022041
88 108 0.027481
138 121 0.026373
139 122 0.017364
152 123 0.032329
162 136 0.027171
163 137 0.024968
253 251 0.026057
278 278 0.032139
360 362 0.032153
384 390 0.035411
394 407 0.039192
626 647 0.032645
645 673 0.031051
653 679 0.023287
702 748 0.03205
740 782 0.041788
742 787 0.0296
744 786 0.01748
745 789 0.014652
760 803 0.0035659
761 804 0.01202
762 806 0.0096166
763 807 0.011489
767 809 0.02504
768 810 0.021068
776 821 0.010345
777 817 0.01108
794 829 0.0069834
795 830 0.0071035
811 839 0.0050217
814 840 0.011993
816 854 0.026838
824 860 0.041842
830 862 0.035064
831 861 0.011154
834 864 0.0096844
839 869 0.030893
846 876 0.021799
848 883 0.024938
875 905 0.017555
903 931 0.015624
908 923 0.033919
1157 1265 0.029475
1225 1322 0.021494
1226 1323 0.016964
1274 1375 0.016583
1278 1404 0.024267
1279 1382 0.01767
1282 1383 0.032165
1283 1380 0.029543
1328 1454 0.023424
1329 1455 0.025853
1335 1457 0.015512
1337 1469 0.025689
1447 1581 0.0060849
1463 1596 0.0238
1473 1607 0.026656
1474 1611 0.011706
1482 1613 0.014358
1485 1618 0.028329
1498 1627 0.028725
1524 1660 0.0084838
1525 1661 0.011076
1530 1667 0.013559
1544 1677 0.00096139
1545 1678 0.0017703
1561 1694 0.00266
1567 1701 0.017543
1573 1707 0.0051853
1574 1708 0.0025569
1577 1710 0.010403
1578 1711 0.0092036
1601 1733 0.02823
1606 1745 0.010518
1614 1756 0.0073618
1793 1930 0.022522
1813 1946 0.020154
1814 1944 0.014411
1818 1953 0.021564
1821 1951 0.021526
1858 1970 0.026467
1862 1968 0.025655
1868 1988 0.013697
1875 1992 0.012549
1882 1998 0.014806
1883 1990 0.018786
1884 1991 0.031483
1887 2005 0.037992
1920 2032 0.023862
1930 2042 0.026759
1934 2049 0.019261
1935 2050 0.018238
1937 2045 0.021987
1944 2055 0.037708
1955 2069 0.034466
1998 2119 0.0056472
2004 2122 0.016834
2008 2124 0.011139
2013 2125 0.022209
2021 2127 0.0066581
2024 2130 0.030885
2029 2140 0.016858
2030 2141 0.0052933
2036 2144 0.0084419
2039 2146 0.0052495
2040 2147 0.020329
2050 2150 0.0025995
2051 2152 0.014884
2057 2158 0.019989
2062 2161 0.024702
2063 2162 0.013357
2069 2168 0.011946
2079 2176 0.011139
2082 2179 0.027809
2090 2182 0.0017835
2091 2183 0.0060684
2098 2187 0.012174
2102 2191 0.0049263
2105 2195 0.013028
2107 2199 0.0040824
2113 2205 0.018154
2116 2208 0.040656
2117 2210 0.026306
2129 2216 0.015762
2131 2213 0.0378
2135 2215 0.026696
2159 2248 0.0063725
2278 2408 0.017852
2281 2414 0.030204
2288 2436 0.013372
2296 2441 0.017238
2301 2440 0.023598
2304 2444 0.011666
2310 2446 0.0081505
2315 2451 0.022199
2316 2452 0.012688
2325 2456 0.024855
2330 2471 0.0052164
2333 2464 0.011291
2334 2706 0.032222
2335 2472 0.021455
2340 2473 0.026499
2343 2478 0.017436
2344 2477 0.0077954
2395 2530 0.015055
2402 2539 0.016818
2424 2563 0.0076522
2425 2567 0.0071603
2427 2568 0.031183
2428 2569 0.0085769
2429 2570 0.015044
2430 2571 0.036728
2433 2575 0.0087411
2435 2578 0.039724
2438 2579 0.0052751
2451 2595 0.0072783
2452 2596 0.0087731
2456 2599 0.020775
2528 2669 0.007591
2529 2670 0.025184
2530 2666 0.020184
2532 2675 0.0054486
2537 2679 0.017382
2542 2686 0.015098
2551 2695 0.029113
2606 2734 0.015212
2607 2735 0.0092332
2609 2739 0.017914
2610 2740 0.0093759
2612 2742 0.015149
2623 2753 0.001911
2630 2754 0.021547
2631 2755 0.01364
2632 2756 0.025235
2634 2761 0.0041164
2638 2772 0.0090715
2639 2773 0.0069332
2642 2775 0.027218
2644 2777 0.0039205
2650 2781 0.02026
2709 2845 0.026664
2735 2874 0.019145
2747 2886 0.0035677
2759 2890 0.011245
2764 2894 0.014322
2774 2900 0.026998
2778 2906 0.00661
2818 2958 0.024322
2820 2960 0.01927
2827 2965 0.023055
2835 2977 0.011868
2838 2980 0.0028232
2866 3004 0.0080586
2868 3021 0.0056999
2869 3023 0.010422
2876 3025 0.011043
2880 3027 0.0020661
2881 3028 0.0048349
2883 3030 0.0023751
2887 3037 0.0034769
2892 3041 0.020348
2912 3059 0.0015982
2913 3058 0.0024156
2915 3060 0.017361
2916 3061 0.0053139
2947 3100 0.0066322
2948 3101 0.024201
2955 3110 0.014497
