205
107 62 0.015098
115 88 0.022596
128 86 0.021468
148 115 0.017984
149 123 0.029438
264 226 0.02258
574 477 0.016074
622 523 0.01972
646 537 0.0078651
656 546 0.020277
667 555 0.034751
676 565 0.028386
692 578 0.017008
715 592 0.010193
745 619 0.006592
746 620 0.0041928
748 615 0.019823
763 636 0.0068883
764 637 0.013185
821 680 0.003901
871 742 0.004773
886 763 0.0031604
939 868 0.029358
953 900 0.028912
978 945 0.037548
995 951 0.029013
1038 1012 0.013139
1046 1006 0.027971
1058 1018 0.01648
1064 1025 0.034094
1075 1046 0.02218
1077 1033 0.02047
1090 1045 0.035532
1206 1164 0.022074
1215 1173 0.026155
1270 1215 0.002503
1275 1218 0.010132
1279 1220 0.0023253
1280 1224 0.020341
1282 1231 0.0049464
1301 1249 0.024162
1302 1250 0.0085698
1303 1248 0.011384
1312 1254 0.019227
1315 1257 0.017646
1316 1258 0.03127
1334 1273 0.010598
1337 1278 0.01435
1363 1295 0.035563
1364 1297 0.0076339
1370 1299 0.0033742
1371 1300 0.003732
1377 1307 0.0077409
1378 1306 0.0060784
1383 606 0.037969
1410 1335 0.026973
1414 1338 0.026913
1419 1343 0.013346
1429 1365 0.0047102
1430 1366 0.0090036
1451 1421 0.0075266
1473 1473 0.025055
1476 1469 0.036376
1494 1472 0.024759
1512 1489 0.026895
1514 1483 0.023268
1522 1491 0.016526
1524 1503 0.027314
1530 1492 0.027897
1536 1508 0.023436
1545 1518 0.043128
1547 1526 0.013509
1548 1527 0.015801
1562 1528 0.015208
1563 1529 0.015546
1579 1545 0.035148
1580 1546 0.026601
1583 1557 0.017332
1597 1562 0.01444
1598 1563 0.0089382
1625 1579 0.012217
1647 1607 0.029598
1706 1656 0.004112
1709 1662 0.0063502
1711 1663 0.034921
1723 1683 0.019709
1724 1684 0.01574
1742 1697 0.0056267
1751 1701 0.021097
1771 1728 0.0079382
1775 1730 0.0062234
1776 1731 0.0081827
1787 1750 0.0048859
1788 1751 0.0040507
1798 1760 0.002165
1800 1765 0.0029872
1802 1764 0.015525
1813 1768 0.013591
1819 1771 0.010766
1820 1770 0.015059
1842 1794 0.0012585
1843 1795 0.0021463
1854 1417 0.024213
1882 1856 0.0068531
1883 1853 0.013506
1885 1858 0.014479
1895 1871 0.0097358
1896 1872 0.0089454
1898 1876 0.017919
1918 1888 0.022391
1923 1892 0.027759
2007 1961 0.017032
2021 1971 0.0093445
2022 1972 0.0086909
2026 1980 0.011626
2047 1988 0.0047998
2051 1992 0.0033108
2058 1999 0.035281
2067 2014 0.0092443
2069 2017 0.032792
2071 2019 0.0030911
2084 2035 0.017241
2085 2036 0.011902
2086 2033 0.0022529
2087 2037 0.030235
2088 2038 0.0077126
2090 2045 0.006242
2091 2047 0.014085
2096 2060 0.0047822
2097 2061 0.0044151
2098 2059 0.003037
2099 2063 0.0019928
2100 2064 0.0028182
2114 2092 0.0039376
2132 2149 0.0083205
2145 2157 0.013629
2146 2158 0.028001
2154 2159 0.01248
2155 2160 0.012082
2161 2167 0.017584
2195 2191 0.0056577
2214 2204 0.015343
2221 2205 0.0083376
2227 2207 0.004317
2228 2208 0.010474
2229 2211 0.015332
2231 2214 0.013709
2232 2215 0.0042976
2234 2217 0.0032305
2235 2218 0.0021471
2236 2219 0.011748
2245 2235 0.018285
2249 2240 0.012909
2250 2238 0.0067562
2252 2242 0.0037648
2254 2245 0.0037747
2255 2243 0.0061401
2256 2244 0.0024813
2261 2251 0.0029449
2262 2252 0.00545
2263 2253 0.003505
2279 2284 0.0045035
2280 2285 0.0026739
2289 2308 0.013361
2290 2316 0.01964
2291 2314 0.0093671
2292 2315 0.016286
2302 2327 0.014958
2303 2330 0.022215
2327 2341 0.003066
2334 2347 0.020811
2335 2348 0.018388
2343 2354 0.024747
2344 2355 0.0043348
2351 2367 0.0032548
2352 2368 0.0019322
2354 2369 0.0020459
2355 2370 0.0024329
2362 2376 0.0018924
2363 2377 0.002709
2369 2384 0.023603
2372 2385 0.0024955
2373 2386 0.0021255
2374 2387 0.0018733
2375 2388 0.0023663
2377 2465 0.011269
2388 2401 0.0010315
2391 2415 0.012245
2394 2424 0.016084
2395 2425 0.022332
2397 2426 0.01382
2421 2446 0.023787
2433 2463 0.0047895
2434 2464 0.0049069
2465 2491 0.0052166
2466 2494 0.005989
2471 2499 0.0018152
2472 2500 0.0021251
2486 2519 0.0068268
2489 2520 0.0070518
2490 2521 0.006957
2522 2559 0.031576
2523 2560 0.0097226
2524 2561 0.0082711
2525 2562 0.015293
