420
14 22 0.020907
15 21 0.032199
42 40 0.028484
61 61 0.017196
68 73 0.030138
111 102 0.034501
118 112 0.014186
132 116 0.043568
157 146 0.030824
166 175 0.016802
180 163 0.012135
201 212 0.017522
218 218 0.015088
219 214 0.025818
220 215 0.031025
254 268 0.014147
255 269 0.015135
283 279 0.012059
284 280 0.016179
291 290 0.02312
294 297 0.0073567
313 335 0.028515
319 337 0.022442
329 343 0.020859
333 353 0.013703
348 369 0.026402
373 391 0.019663
401 440 0.016932
428 464 0.02576
462 492 0.015554
464 499 0.0089555
469 506 0.01169
470 502 0.0036945
471 503 0.0034715
486 517 0.025248
491 519 0.032172
496 525 0.020869
502 529 0.028376
503 530 0.021464
512 549 0.016946
523 556 0.0094853
533 565 0.01765
549 576 0.0033752
554 587 0.0050886
570 597 0.01505
573 600 0.013619
581 607 0.0070489
582 608 0.0049038
585 613 0.025993
589 616 0.027721
590 617 0.021154
594 624 0.03115
603 629 0.017851
614 644 0.018993
624 657 0.010779
627 660 0.016248
628 661 0.015539
629 662 0.011026
639 675 0.0033284
643 674 0.011719
648 678 0.020857
649 679 0.025971
655 682 0.016339
664 702 0.011987
672 708 0.015795
687 722 0.0053659
694 730 0.024992
709 747 0.017765
710 748 0.0091203
711 749 0.010654
716 756 0.027474
717 758 0.02664
720 762 0.022697
723 767 0.034584
724 770 0.031798
737 783 0.020498
739 784 0.029067
751 789 0.013112
757 799 0.0084032
759 806 0.032228
793 825 0.021234
795 826 0.034513
802 833 0.0020368
821 854 0.016699
824 858 0.0079721
832 857 0.018903
848 1656 0.040446
851 886 0.015303
856 892 0.0020272
861 893 0.045421
892 934 0.010919
897 926 0.013154
898 927 0.010493
906 938 0.021645
927 952 0.015841
937 961 0.03942
948 972 0.028598
949 980 0.010675
950 981 0.012048
968 984 0.027534
970 994 0.030222
971 995 0.007606
979 989 0.016943
1016 1725 0.036803
1027 1025 0.021723
1053 1063 0.023211
1090 1159 0.011574
1091 1160 0.0072634
1099 1170 0.018833
1103 1163 0.013003
1113 1175 0.02374
1114 1176 0.01928
1115 1171 0.015076
1129 1183 0.022348
1132 1184 0.01323
1135 1187 0.011456
1137 1189 0.033241
1138 1186 0.018305
1141 1199 0.010114
1156 1207 0.016269
1193 1225 0.014337
1211 1235 0.02665
1215 1231 0.024915
1216 1251 0.012952
1219 1232 0.0066381
1222 1245 0.032345
1223 1246 0.026806
1224 1247 0.011082
1227 1256 0.027482
1238 1260 0.02281
1239 1261 0.011628
1242 1258 0.036007
1266 1288 0.027464
1267 1289 0.023179
1278 1308 0.016861
1289 1309 0.018046
1290 1310 0.030153
1294 1323 0.018784
1297 1321 0.0054734
1301 1326 0.026284
1308 1335 0.019964
1310 1343 0.028275
1323 1358 0.02866
1324 1359 0.022914
1340 1371 0.016558
1348 1381 0.024114
1362 1402 0.019441
1363 1403 0.0085159
1366 1406 0.0060061
1371 1409 0.0027335
1373 1410 0.010216
1374 1414 0.0083106
1381 1426 0.02105
1383 1424 0.025901
1385 511 0.030633
1403 1435 0.015856
1404 1438 0.018665
1407 1443 0.011017
1420 1454 0.015237
1425 1458 0.019012
1426 1459 0.030034
1427 1461 0.012359
1428 1470 0.012972
1429 1472 0.0076678
1436 1478 0.019361
1437 1480 0.015192
1440 1485 0.026936
1458 1498 0.0067934
1462 1505 0.012156
1463 1506 0.011069
1464 1507 0.0075104
1465 1508 0.016129
1473 1515 0.0032385
1474 1516 0.012313
1480 1519 0.011254
1487 1521 0.0080931
1492 1524 0.0085616
1496 1532 0.013841
1497 1533 0.0086492
1506 1541 0.0057678
1509 1545 0.0056695
1512 1550 0.012901
1520 1554 0.0086532
1528 1556 0.0091629
1533 2106 0.024648
1535 1559 0.001711
1536 1560 0.00089011
1542 1564 0.0034796
1546 1571 0.018195
1561 1579 0.021941
1562 1582 0.0091421
1564 1580 0.0028519
1565 1581 0.0041759
1594 1593 0.011562
1595 1594 0.019073
1605 1615 0.033482
1612 1620 0.031889
1613 1625 0.0057177
1616 1626 0.027708
1617 1630 0.0033915
1618 1639 0.035347
1619 1627 0.025432
1642 1657 0.0034819
1728 1713 0.0096409
1744 1732 0.0021493
1745 1733 0.0041612
1749 2219 0.042665
1755 1755 0.0022638
1758 1753 0.014674
1759 1760 0.0018415
1764 1756 0.027816
1772 1767 0.0051892
1777 1782 0.004038
1778 1781 0.0046736
1793 1824 0.040215
1799 1832 0.019628
1800 1822 0.0087232
1801 1826 0.013761
1810 1834 0.018275
1813 1847 0.020337
1827 1858 0.015908
1828 1859 0.013612
1830 1865 0.027698
1842 1880 0.0054835
1848 1884 0.009648
1849 1885 0.011543
1861 1892 0.0061995
1871 1907 0.01973
1872 1911 0.0047796
1892 1935 0.0075614
1898 1944 0.037731
1908 1957 0.016621
1926 1971 0.016013
1932 1990 0.01252
1935 1993 0.0043887
1938 1997 0.017073
1940 2000 0.023183
1941 2005 0.010029
1942 2006 0.010028
1944 2007 0.011379
1950 2019 0.020334
1964 2025 0.032052
1965 2026 0.0084722
1971 2031 0.0036049
1972 2033 0.0076818
1973 2034 0.016345
1975 2036 0.0057756
1976 2037 0.0082872
1985 2046 0.0040298
1988 2050 0.020345
1991 2052 0.039509
1993 2056 0.030702
2002 2060 0.01539
2003 2061 0.012569
2007 2070 0.0098874
2011 2072 0.03043
2024 2096 0.021008
2025 2097 0.027045
2031 2103 0.0017588
2043 2117 0.001009
2046 2118 0.011269
2047 2119 0.0072163
2057 2130 0.0015896
2060 2128 0.00084672
2061 2131 0.020238
2074 2142 0.022343
2078 2145 0.019418
2090 2152 0.02356
2105 2164 0.012737
2115 2172 0.013892
2123 2179 0.0063643
2127 2184 0.026295
2141 2196 0.031241
2142 2194 0.0070659
2159 2212 0.02451
2163 2211 0.010237
2165 2214 0.013969
2170 2528 0.025111
2173 2528 0.021088
2176 2242 0.0023067
2178 2243 0.0025602
2194 2266 0.015887
2200 2273 0.029663
2204 2288 0.015009
2206 2295 0.022392
2207 2296 0.013465
2230 2307 0.022911
2231 2313 0.021492
2235 2318 0.0099986
2250 2348 0.029717
2251 2349 0.007041
2252 2346 0.016107
2279 2370 0.0035624
2284 2376 0.047048
2288 2378 0.0038537
2299 2383 0.013817
2306 2394 0.0048815
2312 2395 0.0087497
2313 2396 0.0057116
2322 2401 0.008881
2323 2402 0.046941
2328 2409 0.0022199
2329 2410 0.0095313
2330 2411 0.012199
2336 2414 0.0015515
2344 2421 0.0056929
2346 2423 0.015971
2347 2422 0.013827
2362 2429 0.0087112
2366 2432 0.0026572
2367 2436 0.0073228
2382 2455 0.0050794
2383 2457 0.010484
2395 2470 0.0074429
2407 2477 0.0030939
2410 2485 0.0085954
2411 2484 0.0051105
2418 2486 0.0014053
2445 2507 0.008282
2452 2512 0.0024448
2457 2519 0.0056259
2458 2528 0.017644
2459 2529 0.005739
2460 2527 0.012382
2471 2539 0.0094033
2474 2541 0.016138
2475 2545 0.011422
2483 2554 0.013651
2484 2551 0.014045
2485 2552 0.016069
2491 2563 0.0083664
2502 2572 0.017739
2509 2580 0.023193
2510 2581 0.02222
2522 2599 0.0039364
2523 2604 0.0096618
2528 2607 0.005975
2530 2609 0.0085095
2540 2629 0.00087034
2541 2628 0.0046528
2545 2631 0.00082402
2546 2632 0.011535
2548 2633 0.010905
2560 2638 0.0021679
2574 2659 0.013951
2575 2661 0.0072433
2577 2663 0.022898
2579 2665 0.028215
2580 2666 0.019677
2591 2670 0.0027402
2592 2671 0.009755
2596 2672 0.0011853
2600 2673 0.010863
2612 2686 0.0026279
2615 2689 0.010777
2621 2691 0.0075006
2638 2528 0.033646
2648 2727 0.010873
2650 2729 0.027088
2656 2740 0.01343
2657 2741 0.0233
2680 2757 0.0026237
2681 2608 0.029138
2684 2761 0.016949
2691 2768 0.0022006
2694 2770 0.00087259
2695 2771 0.0038785
2697 2775 0.0023251
2701 2776 0.0012077
2702 2777 0.00092753
2712 2785 0.0047325
2714 2787 0.0044681
2716 2791 0.022943
2719 2800 0.033821
2729 2806 0.0028671
2731 2810 0.013929
2733 2814 0.0032751
2734 2817 0.0049673
2740 2819 0.018986
2744 2825 0.014931
2749 2829 0.019613
2754 2836 0.0030655
2755 2837 0.0023506
2771 2855 0.016119
2780 2862 0.0040573
2784 2865 0.0087711
2785 2864 0.02369
2786 2866 0.0033112
2789 2868 0.050391
2790 2869 0.0073391
2795 2872 0.009228
2796 2873 0.0042534
2805 2879 0.017393
2806 2888 0.0026805
2813 2889 0.00087056
2815 2890 0.00084918
2816 2891 0.0051947
2826 2894 0.012497
2831 2899 0.0065713
2832 2900 0.0072954
2836 2906 0.030971
2842 2910 0.028285
2843 2913 0.022801
2854 2921 0.0085772
2855 2923 0.0008771
2859 2924 0.0015335
2863 2928 0.037448
2865 2929 0.019299
2866 2930 0.025804
2867 2931 0.0047927
2874 2942 0.0025424
2890 2960 0.0085972
2892 2962 0.0082532
2897 2967 0.0028584
2900 2972 0.00092325
2901 2973 0.00097874
2903 2978 0.020583
2910 2988 0.0033403
2920 2996 0.0056723
2932 3006 0.045325
