419
53 60 0.019793
81 77 0.032086
82 78 0.022473
100 106 0.026766
103 100 0.038253
107 119 0.01559
108 120 0.016531
230 284 0.034497
263 326 0.031481
308 368 0.031622
353 443 0.031761
391 474 0.011298
396 487 0.025253
435 506 0.026741
436 507 0.030466
451 525 0.0055148
454 534 0.024123
455 535 0.026375
459 540 0.017913
464 542 0.017771
465 543 0.020387
467 549 0.014475
470 548 0.021937
494 562 0.026592
542 598 0.028874
543 600 0.02883
549 606 0.020216
557 614 0.030117
646 680 0.012256
651 684 0.018658
658 695 0.017941
659 696 0.0083686
664 704 0.014402
689 725 0.029158
730 757 0.0059027
740 764 0.016961
745 767 0.01537
762 772 0.030472
776 791 0.010792
793 812 0.011198
794 813 0.014769
801 836 0.0032449
845 905 0.011242
850 908 0.016407
870 925 0.028407
871 926 0.019221
872 936 0.0088778
873 942 0.012503
877 931 0.022604
878 932 0.011567
881 924 0.046264
899 968 0.0055496
900 969 0.0033861
901 961 0.0062878
917 983 0.01235
920 992 0.0078271
921 993 0.0058584
931 986 0.025283
947 1007 0.0034545
971 1026 0.028616
973 1043 0.018143
984 1038 0.0079249
985 1039 0.0082638
989 1053 0.0061159
990 1051 0.021582
1000 1079 0.012484
1001 1080 0.014874
1006 1068 0.017365
1007 1072 0.010705
1011 1082 0.01417
1021 1086 0.0092297
1022 1085 0.010497
1027 1098 0.011821
1035 1101 0.0053268
1036 1106 0.02438
1057 1117 0.018098
1058 1118 0.0073325
1061 2235 0.029
1062 1130 0.033687
1066 1135 0.019726
1075 1141 0.0086447
1082 1154 0.0094212
1084 1156 0.018285
1118 1219 0.012957
1121 1221 0.036219
1138 1231 0.015242
1142 1247 0.0097192
1143 1248 0.018352
1151 1227 0.016413
1155 1234 0.00799
1161 1241 0.00735
1178 1270 0.024254
1179 1268 0.025117
1182 1296 0.020736
1186 1291 0.024609
1187 1279 0.0088082
1188 1303 0.033012
1197 1274 0.033573
1204 1324 0.023227
1207 1313 0.014317
1208 1314 0.008273
1220 1326 0.02191
1222 1318 0.0061578
1223 1319 0.0069347
1229 1320 0.017685
1232 1321 0.029355
1250 1336 0.017626
1251 1337 0.020488
1274 1355 0.020972
1301 1389 0.01311
1302 1390 0.034082
1303 1396 0.013161
1317 1387 0.018263
1339 1409 0.033525
1365 1447 0.016455
1382 1460 0.016258
1394 1470 0.018362
1403 1473 0.018228
1404 1474 0.010723
1410 1486 0.013872
1414 1496 0.01538
1493 1645 0.022898
1498 1629 0.013641
1533 1672 0.019055
1534 1673 0.01793
1556 1692 0.012561
1580 1710 0.017982
1592 1725 0.039571
1593 1726 0.026294
1651 1767 0.025999
1669 1777 0.019052
1670 1778 0.020063
1745 1819 0.017283
1762 1838 0.025689
1796 1864 0.017741
1801 1869 0.013249
1827 1901 0.033552
1838 1914 0.016753
1844 1922 0.029602
1854 1932 0.017487
1899 1964 0.03015
1902 1965 0.0087712
1903 1966 0.0081424
1904 1967 0.032702
1918 1972 0.0091306
1922 1975 0.0065098
1926 1978 0.0048408
1934 1987 0.0079682
1936 1994 0.01783
1937 1995 0.0043392
1939 1997 0.016134
1940 1998 0.0072684
1946 2002 0.0096412
1951 2006 0.030667
1952 2007 0.028514
1962 2021 0.018227
1967 2025 0.025237
1979 2045 0.011426
1980 2046 0.013389
1996 2064 0.030295
2051 2102 0.032855
2065 2106 0.032205
2080 2116 0.0044021
2084 2126 0.023814
2091 2134 0.023246
2108 2150 0.011573
2110 2151 0.01341
2111 2157 0.0043848
2123 2166 0.0078916
2128 2180 0.0089683
2140 2192 0.0062118
2146 2193 0.023765
2147 2194 0.0076047
2149 2201 0.0018971
2161 2203 0.022007
2168 2221 0.020875
2169 2218 0.020038
2170 2219 0.010999
2181 2226 0.0079507
2200 2262 0.017705
2206 2274 0.022352
2207 2275 0.032133
2209 2278 0.030166
2217 2288 0.0098249
2222 2285 0.0085007
2231 2296 0.015117
2232 2297 0.0054402
2246 2307 0.037162
2252 2315 0.0048447
2254 2325 0.0050104
2255 2326 0.0043658
2256 2322 0.0094872
2267 2342 0.0050772
2268 2349 0.024081
2282 2352 0.018311
2289 2368 0.018264
2296 2358 0.011999
2300 2363 0.0041581
2301 2362 0.016163
2304 2381 0.018565
2309 2378 0.029187
2312 2376 0.017082
2330 2385 0.0080581
2336 2384 0.0084467
2344 2408 0.0040514
2351 2411 0.013757
2373 2439 0.0050939
2438 2516 0.032645
2439 2517 0.030764
2455 2533 0.011061
2459 2541 0.037135
2460 2544 0.012124
2463 2535 0.019053
2473 2550 0.019225
2474 2551 0.027303
2486 2571 0.014594
2487 2569 0.022517
2489 2579 0.017206
2490 2580 0.015561
2506 2591 0.011081
2517 2598 0.020536
2537 2629 0.017483
2542 2625 0.026318
2549 2642 0.03769
2567 2667 0.040783
2568 2665 0.013358
2572 2669 0.013782
2573 2671 0.0052729
2574 2676 0.0054708
2602 2694 0.025708
2603 2695 0.025163
2604 2693 0.01668
2607 2696 0.011731
2619 2702 0.013923
2620 2703 0.010964
2640 2719 0.022876
2653 2729 0.030732
2654 2730 0.02664
2667 2736 0.0029712
2671 2742 0.0079839
2677 2746 0.010279
2683 2761 0.012093
2692 2770 0.017847
2708 2791 0.0037085
2711 2789 0.010808
2712 2790 0.016486
2716 2796 0.017459
2727 2801 0.0025619
2735 2812 0.0052033
2742 2826 0.0028314
2744 2843 0.0080687
2758 2851 0.0024025
2759 2852 0.0030601
2764 2859 0.0066008
2768 2865 0.0037453
2769 2864 0.017789
2776 2869 0.0058017
2782 2882 0.017847
2790 2889 0.025771
2797 2906 0.0039015
2800 2921 0.021297
2802 2926 0.01604
2803 2927 0.0075054
2831 2954 0.025112
2832 2956 0.028871
2856 2975 0.023685
2859 2978 0.039794
2863 2976 0.012956
2870 2996 0.018753
2873 2997 0.02049
2879 3004 0.0084299
2895 3010 0.004983
2896 3011 0.0028163
2914 3017 0.010955
2934 3046 0.018222
2936 3036 0.021746
2993 3149 0.015921
2998 3151 0.013372
3001 3150 0.025268
3003 3154 0.016087
3011 3169 0.031145
3015 3177 0.012715
3023 3187 0.018622
3024 3188 0.013348
3025 3186 0.030381
3035 3195 0.022129
3063 3226 0.011109
3067 3236 0.0093352
3076 3248 0.015964
3094 3271 0.0095077
3106 3275 0.0033055
3107 3276 0.0026252
3120 3284 0.019008
3121 3283 0.01642
3140 3307 0.023202
3153 3320 0.0037254
3154 3322 0.0059678
3156 3327 0.0074666
3158 3328 0.026384
3160 3329 0.001136
3161 3330 0.001395
3176 3354 0.013924
3177 3355 0.0078184
3178 3358 0.0016506
3180 3359 0.0061786
3201 3381 0.010814
3215 3412 0.035452
3225 3416 0.017527
3228 3418 0.019267
3240 3437 0.0088254
3242 3452 0.029165
3243 3448 0.016358
3246 3455 0.010618
3247 3464 0.015955
3265 3486 0.031004
3273 3492 0.0040528
3286 3517 0.020516
3287 3525 0.027755
3295 3530 0.0035133
3301 3550 0.055771
3302 3547 0.0096609
3303 3546 0.029583
3320 3564 0.010109
3323 3566 0.027471
3325 3573 0.01749
3338 3580 0.02353
3344 3589 0.021462
3358 3596 0.018052
3361 3603 0.017333
3377 3625 0.0058675
3380 3629 0.017039
3393 3631 0.014045
3413 3640 0.0096172
3414 3643 0.028549
3418 3646 0.0051984
3433 3667 0.0099642
3443 3681 0.015742
3445 3687 0.0065883
3464 3713 0.0090302
3465 3714 0.026786
3469 3718 0.0043505
3470 3719 0.0042502
3474 3728 0.011697
3479 3733 0.010809
3489 3742 0.021743
3490 3740 0.034706
3491 3748 0.0051657
3495 3751 0.014991
3496 3749 0.004055
3497 3750 0.0033935
3499 3753 0.013892
3500 3754 0.0092245
3519 3776 0.022214
3522 3774 0.019487
3526 3785 0.0089739
3527 3786 0.015994
3532 3803 0.034308
3537 3810 0.018378
3538 3812 0.020041
3541 3815 0.031826
3548 3824 0.015235
3563 3842 0.012201
3564 3841 0.033509
3575 3849 0.0042553
3582 3857 0.012486
3590 3862 0.027185
3594 3863 0.0053152
3637 3920 0.0072513
3638 3921 0.0030552
3667 3949 0.033497
3672 3953 0.024242
3674 3954 0.012206
3676 3956 0.0034125
3677 3960 0.0089652
3686 3962 0.011091
3689 3963 0.011863
3702 3984 0.022749
3710 3989 0.023889
3720 3998 0.0029971
3728 4006 0.0066471
3734 4013 0.0013516
3735 4017 0.0029377
3737 4021 0.011304
3765 4049 0.019968
3768 4052 0.015652
3771 4053 0.020971
3773 4058 0.024878
3775 4062 0.026999
3776 4060 0.0050625
3777 4067 0.011948
3787 4089 0.031451
3788 4091 0.021091
3797 4101 0.0089439
3798 4103 0.012879
3804 4108 0.0035634
3810 4115 0.0067116
3812 4116 0.014799
3813 4117 0.004316
3814 4118 0.0012423
3817 4126 0.036815
3818 4127 0.030262
3823 4133 0.013381
3836 4157 0.031198
3841 4160 0.032848
3852 4165 0.0030803
3856 4174 0.0070991
3862 4182 0.0056615
3869 4184 0.02885
3870 4185 0.018509
3875 4198 0.030523
3876 4199 0.026588
3878 4201 0.029106
3891 4210 0.007086
3895 4236 0.027979
3900 4220 0.01524
3920 4237 0.0081818
3921 4238 0.014383
3923 4241 0.0052385
3931 4247 0.0049679
