167
61 27 0.032782
73 49 0.025519
74 39 0.042266
695 568 0.028164
704 576 0.024264
706 1856 0.026662
712 583 0.019076
743 596 0.024739
749 598 0.028301
751 603 0.019802
753 605 0.014988
759 608 0.014368
760 609 0.0091106
762 611 0.018496
786 624 0.027298
790 626 0.03649
791 632 0.013891
808 645 0.017426
824 656 0.023844
844 673 0.011673
851 679 0.039755
857 685 0.013609
861 690 0.018058
910 731 0.025047
1022 897 0.023509
1023 898 0.027286
1054 950 0.032902
1083 1003 0.02536
1086 1025 0.022262
1108 1044 0.017182
1144 1102 0.022213
1145 1103 0.019219
1159 1111 0.02817
1354 1505 0.026189
1355 1506 0.028732
1364 1531 0.018707
1473 1622 0.043116
1533 1700 0.028792
1679 1843 0.0093675
1696 1855 0.0085698
1715 1865 0.039027
1724 606 0.027899
1725 1870 0.004975
1742 1885 0.020949
1757 1897 0.0053735
1766 1900 0.02947
1769 1905 0.0085256
1771 1910 0.015693
1796 1933 0.0163
1818 1960 0.024507
1822 1963 0.026522
1829 1969 0.0098094
1842 1974 0.020531
1843 1975 0.021107
1847 1990 0.029164
1891 2043 0.033449
1893 2055 0.026539
1933 2098 0.02315
1998 2199 0.0071653
2166 2457 0.030909
2182 2492 0.020622
2238 2539 0.0306
2253 2557 0.026817
2257 2558 0.035316
2319 2645 0.033648
2325 2649 0.0036231
2334 2651 0.011665
2347 2656 0.012128
2350 2657 0.0054469
2351 2658 0.0024797
2352 2659 0.014663
2354 2661 0.019458
2356 2664 0.0076129
2357 2665 0.0088441
2365 2674 0.023712
2371 2682 0.018575
2404 2719 0.0077292
2412 2720 0.015999
2420 2730 0.032875
2440 2743 0.028359
2442 2746 0.02314
2448 2752 0.01674
2460 2773 0.017846
2463 2772 0.022896
2466 2775 0.037446
2480 2787 0.024337
2505 3206 0.031859
2522 2820 0.019079
2534 2836 0.02089
2556 2866 0.026041
2557 2867 0.021241
2575 2912 0.023631
2650 2996 0.024392
2718 3040 0.022964
2727 3054 0.028516
2765 3088 0.00075391
2785 3101 0.0092978
2793 3109 0.018234
2794 3110 0.021677
2801 3118 0.027074
2812 3134 0.021494
2817 3136 0.023855
2821 3143 0.021968
2822 3144 0.013478
2836 3170 0.018773
2848 3179 0.020575
2865 3463 0.019629
2944 3311 0.021819
2951 3334 0.027488
2953 3329 0.028737
2958 3345 0.028889
2999 3365 0.0295
3017 3586 0.036149
3023 3381 0.012459
3024 3382 0.013001
3028 3391 0.013164
3034 3400 0.031357
3035 3401 0.01377
3036 3404 0.02431
3037 3405 0.004171
3039 3416 0.010612
3044 3422 0.0080684
3062 3436 0.012271
3069 3439 0.012629
3081 3454 0.011542
3082 3457 0.023807
3098 3473 0.025892
3138 3535 0.024421
3139 3536 0.022606
3153 3549 0.036581
3155 3552 0.027382
3160 3569 0.025294
3173 3584 0.0040875
3183 3588 0.018134
3187 3598 0.039263
3195 3615 0.019588
3196 3616 0.016125
3202 3630 0.016305
3217 3651 0.024176
3220 3653 0.011314
3221 3654 0.0081757
3223 3656 0.031614
3224 3657 0.0062309
3228 3660 0.0089059
3229 3668 0.0133
3236 3680 0.014422
3245 3696 0.030289
3259 3700 0.029747
3268 3709 0.029009
3291 3722 0.02169
3294 3723 0.039165
3296 3724 0.014152
3297 3726 0.0092595
3298 3727 0.0090404
3314 3740 0.020764
3315 3742 0.013139
3328 3757 0.018268
3331 3759 0.011063
3332 3760 0.0098896
3359 3808 0.021892
3383 3854 0.028197
3410 3889 0.0067368
3412 3896 0.035453
3413 3897 0.030507
3415 3899 0.013722
3420 3901 0.045469
3434 3917 0.017101
