174
194 155 0.036377
209 189 0.031955
289 252 0.029799
358 297 0.03338
630 580 0.014968
671 622 0.0066662
681 625 0.012067
701 643 0.035987
707 651 0.01155
708 652 0.0093409
729 674 0.020715
757 692 0.029128
783 734 0.022752
785 737 0.012504
799 746 0.013524
824 769 0.0094069
843 773 0.046682
857 784 0.027563
865 793 0.031634
870 792 0.0092884
879 797 0.017294
886 809 0.025544
888 812 0.037215
899 828 0.028207
904 827 0.025931
912 842 0.026802
913 843 0.044967
925 848 0.022527
928 854 0.015435
950 866 0.014312
951 872 0.010278
953 867 0.02756
962 896 0.011478
974 900 0.035639
991 942 0.003452
992 925 0.01107
993 931 0.011218
1002 949 0.019241
1059 1009 0.032576
1091 1118 0.036845
1275 1264 0.034507
1283 1281 0.023446
1285 1265 0.028443
1304 1276 0.028159
1308 1284 0.029974
1327 1303 0.029386
1343 1319 0.030896
1348 1336 0.028277
1425 1380 0.015152
1433 1392 0.015813
1453 1405 0.027892
1456 1408 0.030078
1585 1525 0.027509
1610 1550 0.013308
1626 1573 0.019334
1637 1576 0.017546
1647 1583 0.017903
1648 1584 0.014061
1651 1585 0.015934
1656 1596 0.039243
1698 1625 0.014508
1709 1638 0.02021
1714 1643 0.018234
1735 1664 0.019225
1744 1675 0.01325
1746 1674 0.022705
1750 1679 0.0089161
1751 1681 0.010457
1762 1715 0.016279
1766 1726 0.015272
1803 1798 0.013993
1810 1816 0.031346
1925 1907 0.016334
1932 1921 0.014321
1954 1935 0.013135
1958 1952 0.019572
1959 1965 0.015369
1960 1966 0.011479
1978 1977 0.031413
1985 1987 0.024754
1993 1989 0.016533
2014 2003 0.02882
2033 2020 0.035994
2060 2034 0.040956
2132 2096 0.038152
2133 2097 0.017081
2139 2100 0.021482
2156 2119 0.034117
2175 2132 0.025272
2181 2135 0.014915
2184 2141 0.02883
2193 2153 0.027202
2202 2159 0.011083
2209 2166 0.017723
2211 2169 0.0089656
2224 2182 0.0040364
2225 2183 0.010381
2232 2188 0.0090926
2235 2195 0.0087595
2240 2203 0.015537
2255 2229 0.037541
2257 2228 0.013486
2259 2222 0.016414
2263 2233 0.0097969
2267 2235 0.019718
2291 2275 0.0098686
2402 2357 0.017171
2430 2389 0.043782
2453 2412 0.010837
2459 2410 0.020321
2461 2416 0.016723
2462 2417 0.011885
2466 2422 0.01153
2467 2423 0.014781
2469 2419 0.025372
2489 2431 0.023883
2531 2469 0.032715
2543 2481 0.016487
2545 2483 0.018663
2548 2721 0.032044
2553 2490 0.010659
2555 2491 0.022494
2557 2495 0.011101
2558 2496 0.013474
2600 2550 0.019663
2603 2571 0.0094648
2673 2666 0.013074
2677 2662 0.018994
2678 2663 0.027718
2685 2669 0.025451
2693 2679 0.020271
2710 2691 0.011768
2736 2875 0.024983
2738 2715 0.017888
2746 2724 0.034512
2747 2726 0.005791
2749 2729 0.01721
2758 2737 0.022266
2762 2741 0.026752
2774 2746 0.005946
2779 2761 0.011104
2780 2760 0.017833
2784 2773 0.0087906
2786 2779 0.013837
2791 2787 0.0037848
2844 2839 0.028544
2848 2840 0.017824
2850 2849 0.021171
2853 2855 0.013753
2857 2857 0.014491
2858 2858 0.013505
2871 2868 0.0093053
2879 2879 0.023968
2881 2881 0.018391
2887 2892 0.024884
2889 2894 0.02037
2896 2899 0.0082021
2897 2900 0.007492
2898 2902 0.023645
2901 2905 0.0091388
2903 2908 0.010817
2909 2912 0.0066718
2957 2975 0.02648
2976 2997 0.023866
2982 2998 0.0090821
2984 3004 0.0082019
2985 3005 0.028115
3008 3036 0.024085
3015 3041 0.032808
3029 3056 0.017185
3034 3058 0.032225
3035 3060 0.015023
3040 3063 0.0082007
3103 3130 0.041599
