254
35 66 0.023086
63 91 0.024803
64 92 0.021107
131 160 0.031591
348 388 0.019297
603 1687 0.033487
626 692 0.019164
628 693 0.029444
629 694 0.040313
637 705 0.028663
654 729 0.0024057
667 746 0.038919
711 796 0.0040504
714 794 0.026624
715 795 0.026111
729 803 0.039035
730 804 0.032653
735 816 0.011831
741 819 0.0098999
745 1773 0.01997
754 842 0.0099159
774 870 0.013623
787 882 0.022053
788 885 0.012337
802 909 0.014817
805 905 0.0047904
806 917 0.022429
808 912 0.015893
811 924 0.0089677
822 944 0.042352
867 975 0.0079949
874 986 0.047188
876 991 0.0088818
889 996 0.016037
898 1007 0.0039561
901 1029 0.011505
916 1036 0.0050644
924 1051 0.02291
926 1065 0.021917
928 1056 0.03371
933 1072 0.015706
945 1078 0.0069227
965 1080 0.0030066
979 1100 0.030676
982 1102 0.012907
984 1112 0.005971
985 1113 0.0088201
1011 1180 0.0072091
1017 1171 0.011054
1107 1339 0.023259
1164 1361 0.032621
1195 1391 0.032003
1220 1414 0.021776
1351 1565 0.032339
1467 1684 0.0084836
1469 1685 0.013204
1473 1690 0.010358
1477 1694 0.010341
1490 1699 0.010354
1494 1702 0.0017609
1503 1709 0.014143
1506 1711 0.0339
1507 1712 0.025301
1519 1723 0.020706
1525 1730 0.026009
1527 1732 0.0067736
1549 1747 0.005383
1550 1748 0.011376
1559 1758 0.0059457
1560 1759 0.003457
1574 1777 0.014197
1578 1780 0.0085169
1579 1781 0.0078275
1581 1783 0.0077895
1585 1786 0.017363
1586 1787 0.017345
1588 1789 0.0091494
1589 1790 0.0061734
1592 1792 0.004332
1595 1794 0.019723
1600 1801 0.019688
1601 1802 0.017749
1605 1813 0.013795
1613 1815 0.017257
1618 1824 0.014161
1619 1825 0.023856
1625 1831 0.0024464
1635 1853 0.04304
1636 1854 0.018281
1649 1866 0.032023
1653 1880 0.010194
1671 1888 0.010122
1678 1903 0.0055726
1679 1902 0.026913
1690 1921 0.023717
1698 1035 0.022688
1700 1936 0.0069993
1726 1954 0.012963
1732 1968 0.013259
1738 1977 0.012308
1739 1976 0.017486
1740 1970 0.0080215
1741 1971 0.0067777
1759 2014 0.0088804
1949 2208 0.026082
1959 2222 0.0057148
2062 2306 0.01077
2066 2310 0.01838
2069 2312 0.025546
2071 2313 0.0019071
2079 2318 0.015322
2082 2320 0.021959
2083 2321 0.019471
2084 1713 0.041008
2103 2340 0.0085881
2108 2342 0.054452
2114 2348 0.0065706
2115 2349 0.0049939
2119 2355 0.029665
2122 2360 0.0052217
2123 2361 0.0062554
2128 2364 0.015099
2130 2367 0.021329
2135 2372 0.0054969
2136 2373 0.0020741
2143 2375 0.014981
2145 2379 0.007795
2156 2387 0.0052513
2157 2390 0.0037203
2158 2391 0.0033217
2164 2398 0.0075148
2173 2403 0.018982
2177 2410 0.019018
2178 2411 0.01118
2188 2422 0.0051885
2191 2427 0.0073791
2199 2447 0.0076106
2203 2452 0.017863
2216 2473 0.01378
2217 2471 0.0069853
2223 2485 0.016311
2231 2486 0.0021007
2240 2502 0.0096655
2255 2517 0.0045918
2261 2529 0.0044451
2262 2530 0.002221
2264 2536 0.0036534
2265 2540 0.021929
2272 2547 0.0033089
2273 2548 0.0066084
2281 2565 0.018714
2321 2619 0.022121
2322 2621 0.0169
2331 2628 0.030803
2344 2646 0.02101
2346 2648 0.020087
2370 2679 0.023082
2371 2680 0.018004
2382 2700 0.018965
2408 2732 0.024809
2409 2733 0.021126
2449 2770 0.031333
2454 2772 0.018204
2455 2774 0.030356
2456 2775 0.03027
2457 2778 0.0060548
2460 2779 0.032511
2468 2786 0.011937
2472 2787 0.013043
2492 2804 0.016315
2493 2805 0.0060911
2494 2806 0.020248
2498 2810 0.019157
2502 2813 0.0023548
2510 2818 0.013296
2511 2819 0.022409
2513 2820 0.0037112
2524 2825 0.0038216
2532 2832 0.010389
2535 2834 0.0058048
2546 2839 0.01378
2547 2846 0.0035244
2548 2847 0.0039898
2553 2849 0.0065175
2559 2853 0.0096691
2565 2856 0.040899
2570 2861 0.019648
2571 2862 0.019893
2589 2869 0.0039674
2590 2870 0.0073742
2594 2872 0.019795
2595 2873 0.035881
2609 2882 0.017142
2620 2888 0.0024504
2694 2954 0.029128
2698 2956 0.013597
2703 2961 0.0060048
2704 2962 0.0061812
2709 2970 0.021411
2710 2971 0.010083
2728 2994 0.02993
2788 3048 0.0060418
2796 3057 0.0093814
2797 3058 0.012288
2798 3063 0.0035612
2799 3064 0.0033283
2807 3075 0.0022839
2810 3204 0.017082
2829 3085 0.0079591
2834 3095 0.005605
2839 3099 0.0034089
2841 3103 0.0069302
2879 3136 0.021329
2886 3140 0.014184
2894 3152 0.020996
2901 3157 0.017955
2916 3172 0.02216
2921 3174 0.012904
2926 3179 0.0050165
2936 3185 0.004172
2938 3189 0.0051505
2939 3188 0.0072834
2940 3190 0.0038301
2941 3191 0.0040758
2942 3192 0.0058149
2943 3193 0.0025718
2945 3194 0.0020481
2958 3201 0.0096322
2964 3208 0.0023548
2967 3210 0.023813
2970 3226 0.0069781
2996 3256 0.019376
3007 3265 0.019088
3037 3286 0.0062864
3041 3295 0.0054062
3052 3308 0.0067847
3057 3313 0.0031313
3064 3325 0.029531
3066 3329 0.0053239
3111 3355 0.0028582
3113 3357 0.0023082
3126 3364 0.0083614
3127 3365 0.0088992
3130 3366 0.0030804
3131 3367 0.003403
3142 3382 0.0094537
3146 3384 0.0035299
3167 3416 0.0058706
3178 3432 0.0055844
3179 3436 0.0079546
3182 3437 0.008467
3184 3443 0.011562
3188 3447 0.0061069
3191 3450 0.0034895
