357
26 38 0.026668
33 23 0.026296
113 77 0.022064
152 145 0.034687
177 134 0.023471
185 151 0.023433
236 187 0.035002
286 250 0.024048
316 263 0.023261
323 272 0.023609
365 322 0.026572
381 331 0.023552
555 482 0.028501
582 507 0.03113
598 514 0.020485
646 565 0.027977
648 566 0.014188
660 581 0.011578
667 583 0.030692
699 618 0.034161
700 619 0.030693
708 626 0.031507
739 636 0.013963
753 653 0.0097727
754 654 0.013105
775 684 0.032812
776 688 0.032365
782 710 0.023354
791 717 0.0088345
804 726 0.0090025
815 747 0.032419
817 750 0.024059
836 769 0.028789
841 772 0.036321
898 814 0.038917
928 827 0.01305
930 832 0.045411
933 830 0.021251
938 835 0.017873
945 836 0.0041513
960 847 0.001745
1022 956 0.011396
1023 959 0.011801
1024 953 0.045944
1059 989 0.023647
1060 990 0.013823
1074 999 0.023685
1084 1018 0.020209
1092 1023 0.042362
1099 1020 0.017702
1110 1028 0.013795
1139 1054 0.032943
1161 1061 0.0099834
1167 1065 0.026426
1168 1068 0.0097669
1244 1249 0.030751
1245 1243 0.030085
1271 1257 0.032003
1278 1289 0.035359
1299 1293 0.021254
1313 1313 0.01663
1322 1331 0.013529
1335 1334 0.011889
1342 1341 0.015504
1352 1362 0.019371
1364 1355 0.0262
1377 1380 0.01516
1381 1375 0.013889
1384 1382 0.033219
1403 1414 0.033064
1418 1421 0.025922
1419 1419 0.012574
1438 1438 0.02173
1439 1439 0.025548
1446 1448 0.02916
1449 1450 0.012
1479 1494 0.016849
1483 1498 0.018829
1499 1527 0.022414
1503 1537 0.019103
1532 1567 0.011909
1534 1568 0.022905
1535 1569 0.028106
1544 1581 0.013979
1547 1584 0.018698
1552 1593 0.026338
1553 1590 0.011221
1558 1596 0.0040795
1565 1603 0.01208
1566 1604 0.01746
1582 1623 0.018254
1602 1637 0.009832
1632 1669 0.0064107
1633 1670 0.0058452
1639 1680 0.017031
1646 1691 0.024025
1650 1697 0.020336
1656 1703 0.029957
1667 1725 0.038315
1668 1723 0.015591
1670 1724 0.010254
1677 1730 0.0070775
1678 1734 0.0092841
1682 1733 0.0098562
1684 1739 0.042074
1691 1742 0.012775
1692 1743 0.017126
1699 800 0.028542
1703 1754 0.0065895
1721 1763 0.021064
1732 1770 0.01742
1752 1781 0.01768
1757 1794 0.027544
1761 1792 0.0067924
1762 1793 0.02362
1774 1801 0.0067367
1776 1821 0.016117
1777 1822 0.034385
1779 949 0.026157
1784 1829 0.020991
1789 1828 0.031636
1792 1833 0.01594
1793 1834 0.03247
1799 1844 0.012599
1810 1849 0.038909
1822 1866 0.0048851
1824 1872 0.0097011
1831 1878 0.022699
1836 1880 0.015257
1837 1885 0.010233
1839 1887 0.011073
1849 1894 0.023144
1864 1904 0.014307
1865 1905 0.015885
1880 1922 0.024377
1899 2017 0.012785
1902 2020 0.020056
1903 2021 0.028608
1920 2032 0.010608
1923 2022 0.025495
1929 2033 0.04264
1945 2042 0.020591
1955 2067 0.026414
1960 2077 0.015897
1964 2068 0.017552
1971 2071 0.019492
1983 2104 0.010889
1984 2105 0.014351
2006 2129 0.015631
2009 2145 0.015259
2018 2161 0.0053843
2035 2180 0.016197
2036 2190 0.014922
2064 2225 0.016165
2065 2226 0.018943
2079 2241 0.0082685
2084 2244 0.020462
2087 2247 0.0086596
2088 2248 0.036522
2089 2243 0.011736
2098 2252 0.012014
2099 2253 0.0074581
2101 2259 0.0030552
2106 2264 0.017813
2109 2265 0.0067329
2113 2270 0.014165
2116 2272 0.026706
2121 2274 0.013482
2133 2282 0.020251
2136 2288 0.01215
2142 2294 0.030779
2145 2301 0.014935
2146 2302 0.02011
2149 2304 0.016774
2155 2310 0.0058499
2164 2328 0.012377
2165 2329 0.0088029
2184 2355 0.013715
2185 2353 0.0092265
2204 2368 0.014092
2208 2373 0.019604
2211 2374 0.014575
2212 2375 0.0063224
2217 2381 0.010431
2226 2384 0.014258
2232 2392 0.0021363
2236 2393 0.010685
2249 2410 0.011886
2258 2773 0.025491
2259 2774 0.031526
2272 2432 0.011213
2273 2431 0.031292
2279 2462 0.03022
2282 2463 0.027602
2287 2464 0.019101
2289 2469 0.0071034
2295 2473 0.012045
2299 2480 0.027611
2309 2490 0.020815
2310 2493 0.030856
2312 2494 0.011463
2328 2504 0.026517
2330 2505 0.014839
2331 2502 0.018499
2340 2510 0.04006
2355 2557 0.018813
2367 2574 0.025467
2375 2585 0.034714
2376 2586 0.016799
2377 2587 0.017251
2394 2597 0.026138
2397 2599 0.014133
2415 2611 0.017098
2430 2626 0.014484
2442 2645 0.012734
2459 2654 0.0067634
2461 2655 0.0054649
2462 2656 0.0055194
2465 2657 0.024654
2468 2660 0.030845
2471 2664 0.0096694
2472 2665 0.0049519
2478 2673 0.018454
2484 2679 0.0087374
2497 2694 0.0040948
2499 2699 0.015229
2501 2700 0.0048519
2502 2706 0.0092875
2503 2707 0.017175
2504 2705 0.011218
2508 2714 0.015845
2523 2720 0.010367
2526 2721 0.0071755
2539 2736 0.0070273
2541 2734 0.0067668
2543 2735 0.0048702
2544 2733 0.0034303
2564 2753 0.014482
2565 2752 0.0055513
2569 2757 0.028346
2588 2781 0.01109
2595 2786 0.0067126
2604 2815 0.012024
2609 2832 0.010511
2610 2833 0.01404
2613 2849 0.0083541
2614 2861 0.016796
2619 2858 0.0068527
2620 2859 0.0054618
2628 2868 0.03291
2630 2873 0.023732
2631 2871 0.0045386
2632 2872 0.0047173
2633 2870 0.01268
2634 2886 0.030889
2635 2887 0.016841
2636 2896 0.022539
2641 2897 0.029512
2647 2902 0.0078637
2654 2921 0.024875
2655 2922 0.02905
2656 2923 0.018019
2657 2920 0.013874
2658 2926 0.0090482
2672 2932 0.015913
2673 2933 0.022575
2687 2945 0.0119
2700 2957 0.016811
2711 2977 0.0060315
2712 2978 0.018047
2713 2979 0.02022
2723 2993 0.011298
2735 3016 0.014431
2739 3019 0.0096224
2743 3022 0.018761
2747 3026 0.024767
2748 3030 0.02191
2749 3029 0.020868
2750 3028 0.0086701
2752 3034 0.0043292
2754 3035 0.0056473
2767 3045 0.030516
2770 3048 0.010754
2771 3046 0.0086221
2772 3047 0.0041505
2775 3049 0.010711
2778 3057 0.039881
2788 3071 0.016358
2791 3091 0.0070455
2792 3092 0.0078214
2793 3089 0.0062506
2810 3105 0.0048315
2812 3108 0.01559
2814 3102 0.013594
2823 3117 0.022576
2841 3146 0.011574
2842 3147 0.0095013
2852 3154 0.011566
2862 3161 0.032859
2865 3163 0.033963
2873 3165 0.0050051
2874 3167 0.016209
2877 3170 0.020235
2885 3173 0.0037464
2887 3174 0.0068108
2888 3178 0.011569
2889 3179 0.004143
2890 3177 0.0072814
2891 3180 0.022792
2897 3188 0.0065824
2907 3195 0.0124
2910 3202 0.010471
2911 3203 0.0092419
2914 3206 0.0055389
2915 3207 0.0030205
2929 3219 0.0091679
2930 3220 0.0099529
2931 3223 0.022286
2932 3227 0.0083534
2935 3229 0.0074975
2937 3232 0.011543
2938 3233 0.010011
2940 3230 0.0099047
2941 3234 0.019584
2942 3235 0.020772
2948 3238 0.01443
2953 3243 0.019951
2958 3249 0.020169
2979 3273 0.006663
2982 3274 0.013741
2989 3276 0.032926
2993 3280 0.0076954
2995 3282 0.014553
2996 3285 0.0034442
3008 3305 0.0060719
3009 3306 0.0056589
3012 3313 0.016504
3017 3326 0.0046572
3018 3327 0.0049813
3021 3328 0.0072314
3023 3329 0.0047104
3024 3330 0.02978
3039 3345 0.017949
3052 3356 0.013697
3066 3377 0.0057381
3078 3393 0.012752
3079 3394 0.0047034
3085 3398 0.01829
3086 3399 0.0056776
3107 3411 0.0090954
3108 3414 0.014509
3111 3415 0.0058222
3122 3425 0.01031
3123 3427 0.009659
3124 3430 0.0081139
3126 3440 0.01111
3133 3451 0.0081135
