114
137 143 0.027167
180 174 0.033798
183 185 0.037689
200 198 0.029707
214 212 0.019841
215 213 0.014033
239 251 0.028463
312 342 0.039498
327 1312 0.025205
383 430 0.029961
448 511 0.026468
498 564 0.029352
669 797 0.039906
750 902 0.02546
761 921 0.019475
895 1102 0.025978
902 1104 0.020693
934 1154 0.023823
966 1174 0.019852
972 1184 0.01941
1001 1226 0.010669
1007 1229 0.01136
1008 1217 0.028282
1009 1218 0.027481
1026 1250 0.021026
1028 1249 0.027569
1051 1281 0.022333
1126 1349 0.034899
1139 1357 0.023487
1219 1451 0.031911
1243 1478 0.028485
1274 1505 0.03381
1363 1643 0.01653
1370 1654 0.014507
1408 1703 0.035724
1433 1727 0.0099953
1440 2156 0.028964
1454 1750 0.034095
1478 1790 0.020486
1495 1818 0.011753
1519 1821 0.024964
1523 1826 0.020849
1543 1844 0.030238
1554 1858 0.019825
1555 1859 0.027846
1566 1870 0.031223
1589 1879 0.025695
1594 1888 0.023414
1602 1896 0.033302
1611 1900 0.022802
1627 1910 0.030041
1651 1933 0.027733
1654 1936 0.0093917
1655 1937 0.005324
1676 1947 0.023075
1692 1977 0.013628
1718 2015 0.017014
1787 2091 0.012306
1791 2098 0.027447
1845 2175 0.024101
1855 2189 0.012179
1870 2192 0.032759
1874 2195 0.028793
1880 2203 0.021852
1885 2210 0.030399
1889 2219 0.024619
1905 2237 0.037752
1906 2243 0.017619
1909 2240 0.017279
1910 2246 0.030459
1921 2256 0.028755
1925 2257 0.014749
1932 2261 0.017928
1933 2265 0.021616
1934 2262 0.0139
1946 2282 0.018514
1949 2285 0.018344
1989 2339 0.029728
2018 2363 0.026236
2039 2377 0.032744
2095 2405 0.018022
2096 2406 0.017517
2115 2447 0.016419
2116 2448 0.016904
2117 2449 0.017113
2145 2472 0.017194
2146 2469 0.013731
2152 2473 0.013287
2153 2477 0.03132
2156 2481 0.021598
2192 2524 0.019806
2193 2527 0.029432
2195 2531 0.0090558
2230 2568 0.018766
2233 2572 0.032542
2254 2584 0.019855
2255 2585 0.035448
2260 2589 0.023547
2263 2598 0.02993
2280 2611 0.011581
2282 2609 0.035082
2344 2686 0.017097
2412 2747 0.0040573
2443 2782 0.013973
2466 2811 0.020567
2467 2812 0.023664
2470 2820 0.017452
2479 2834 0.02204
2489 2853 0.016403
2503 2877 0.01239
2517 2889 0.019079
2531 2911 0.042376
2532 2912 0.033352
2552 2924 0.027146
