70
274 278 0.013919
314 311 0.006123
315 312 0.0041406
316 313 0.0075692
330 335 0.012414
342 357 0.0035972
355 368 0.0068479
447 444 0.0081738
456 444 0.0046737
588 531 0.00854
623 564 0.0063495
637 572 0.0059141
638 576 0.0068018
656 587 0.009799
657 588 0.008467
674 607 0.0041948
702 626 0.0058296
703 627 0.0047444
729 651 0.0054376
730 648 0.011079
763 684 0.007691
879 752 0.010419
904 777 0.0055005
926 817 0.0052773
932 823 0.0067668
940 837 0.0078401
942 838 0.0039561
948 847 0.0054055
949 848 0.003073
957 853 0.0050664
963 859 0.0044132
964 860 0.0042733
967 867 0.0053769
1010 899 0.0063008
1034 914 0.0035195
1039 916 0.0034248
1080 975 0.0019516
1086 990 0.0084181
1093 998 0.003113
1094 1001 0.0033841
1102 1010 0.0014112
1105 1014 0.001761
1160 1050 0.0019298
1176 1060 0.0081088
1179 1065 0.0059197
1180 1066 0.005024
1206 1083 0.0033651
1214 1085 0.0067301
1215 1086 0.0024606
1216 1087 0.0020453
1221 1095 0.0016647
1232 1109 0.015537
1243 1114 0.00060679
1244 1115 0.0055992
1245 1116 0.010534
1266 1136 0.011521
1267 1137 0.0068071
1270 1146 0.0063595
1274 1153 0.0012404
1313 1176 0.0011258
1316 1179 0.0016302
1341 1196 0.0021099
1346 1197 0.0017513
1356 1200 0.004585
1363 1206 0.0030627
1374 1210 0.0020857
1375 1211 0.0015333
1379 1213 0.0093507
1386 1220 0.0061922
1387 1221 0.0046255
