27
476 490 0.0092667
811 849 0.0076109
812 850 0.010266
817 859 0.0059657
969 1001 0.0097158
975 1020 0.0072535
1023 1081 0.014222
1027 1083 0.0072104
1138 1251 0.01087
1231 1347 0.0071231
1232 1348 0.0044853
1290 1419 0.011132
1307 1437 0.012029
1324 1455 0.010109
1359 1503 0.011571
1362 1506 0.013915
1399 1542 0.0050905
1415 1550 0.012558
1444 1575 0.013344
1478 1621 0.01044
1479 1622 0.010323
1507 1650 0.0083608
1519 1661 0.0052007
1563 1702 0.0058417
1643 1779 0.0091242
1649 1785 0.0093513
1699 1824 0.012045
