48
337 331 0.0099159
360 352 0.0047904
400 394 0.0088818
408 406 0.011505
454 472 0.0072091
649 686 0.010358
652 688 0.010341
661 690 0.0017609
675 703 0.0067736
686 711 0.011376
690 717 0.0059457
691 718 0.003457
704 729 0.0077895
706 733 0.0091494
707 734 0.0061734
744 781 0.0055726
764 823 0.0088804
885 936 0.0019071
923 968 0.0052513
928 973 0.0075148
934 980 0.01118
938 984 0.0051885
940 987 0.0073791
951 1003 0.0069853
976 1025 0.0044451
977 1026 0.002221
1056 1132 0.0060911
1066 1143 0.0038216
1071 1147 0.010389
1181 1228 0.0093814
1182 1229 0.012288
1201 1236 0.0079591
1240 1280 0.0050165
1243 1284 0.0051505
1244 1285 0.0038301
1245 1286 0.0040758
1246 1287 0.0058149
1247 1288 0.0025718
1293 1332 0.0067847
1299 1340 0.0053239
1315 1348 0.0028582
1319 1350 0.0030804
1320 1351 0.003403
1326 1358 0.0035299
1340 1380 0.0055844
1341 1382 0.0079546
1344 1388 0.0061069
1347 1389 0.0034895
