53
302 245 0.011578
343 268 0.0097727
344 269 0.013105
680 674 0.0040795
712 709 0.0064107
713 710 0.0058452
725 734 0.010254
728 738 0.0092841
733 740 0.012775
760 766 0.0067924
772 781 0.012599
784 793 0.0048851
792 801 0.015257
853 899 0.010889
854 900 0.014351
872 927 0.0053843
907 962 0.012014
913 969 0.014165
951 1011 0.010431
960 1017 0.0021363
1000 1095 0.018813
1035 1135 0.0067634
1048 1155 0.0048519
1065 1168 0.010552
1066 1169 0.0063587
1067 1173 0.0070273
1069 1171 0.0067668
1071 1172 0.0048702
1072 1170 0.0034303
1097 1225 0.010511
1098 1226 0.01404
1101 1241 0.0068527
1116 1263 0.0090482
1146 1301 0.0096224
1153 1307 0.0086701
1167 1342 0.0070455
1168 1343 0.0078214
1198 1373 0.0050051
1208 1384 0.0065824
1212 1394 0.010471
1213 1395 0.0092419
1216 1398 0.0055389
1217 1399 0.0030205
1223 1407 0.0091679
1224 1408 0.0099529
1250 1425 0.0076954
1251 1426 0.0034442
1263 1443 0.0047104
1282 1460 0.0057381
1289 1470 0.0056776
1296 1474 0.0090954
1302 1488 0.01111
1307 1497 0.0081135
