32
311 244 0.0041928
339 268 0.003901
541 475 0.0049464
564 493 0.010598
582 508 0.0077409
583 507 0.0060784
666 610 0.012217
694 644 0.0063502
727 672 0.0048859
728 673 0.0040507
734 679 0.002165
735 682 0.0029872
743 686 0.010766
761 731 0.0068531
769 738 0.0097358
770 739 0.0089454
812 785 0.0093445
813 786 0.0086909
837 814 0.006242
848 840 0.0039376
872 885 0.0056577
881 893 0.0083376
884 899 0.0042976
889 908 0.0061401
890 909 0.0024813
922 944 0.003066
934 954 0.0032548
935 955 0.0019322
952 974 0.01382
988 999 0.0052166
991 1004 0.0018152
992 1005 0.0021251
