65
186 192 0.011128
214 214 0.0095711
220 225 0.007862
221 226 0.0086352
314 315 0.0030257
437 371 0.013129
438 372 0.01255
496 399 0.0073564
514 409 0.0072869
586 493 0.0081283
642 538 0.010136
694 587 0.012733
733 611 0.0073315
734 619 0.0091032
775 657 0.0071067
804 690 0.0033214
805 692 0.0040454
806 693 0.0047824
808 695 0.00394
810 697 0.012617
820 714 0.0063365
896 798 0.010155
910 818 0.0043192
911 819 0.0030198
926 834 0.013236
935 848 0.011488
953 869 0.0079797
954 870 0.010077
995 931 0.011567
998 934 0.0076036
999 935 0.0077809
1017 953 0.0039405
1020 956 0.0020225
1021 958 0.0066464
1022 959 0.0063516
1048 991 0.0079033
1070 1006 0.0083003
1071 1007 0.006797
1088 1016 0.0068737
1101 1032 0.0086543
1115 1040 0.0095368
1116 1041 0.0095656
1124 1051 0.010494
1156 1084 0.011153
1166 1092 0.0087129
1167 1093 0.0081329
1169 1091 0.0075077
1184 1102 0.0080981
1236 1151 0.006199
1237 1152 0.0053637
1254 1162 0.0024892
1308 1211 0.0052776
1311 1215 0.0079649
1326 1222 0.0059843
1347 1237 0.011844
1383 1277 0.0041783
1392 1286 0.002515
1394 1292 0.015693
1396 1294 0.0060053
1401 1305 0.0022092
1405 1309 0.0044289
1406 1310 0.006168
1487 1375 0.0055047
1493 1383 0.0039469
1494 1384 0.0048258
