67
186 209 0.0036945
187 210 0.0034715
223 247 0.0050886
234 254 0.0070489
380 408 0.010675
381 409 0.012048
448 496 0.010114
479 522 0.012952
505 543 0.0054734
532 577 0.0085159
535 578 0.0027335
537 582 0.0083106
557 590 0.011017
570 604 0.015192
581 613 0.0067934
588 622 0.011254
594 626 0.013841
595 627 0.0086492
599 633 0.0086532
605 636 0.001711
606 637 0.00089011
609 639 0.0034796
614 642 0.0091421
637 659 0.0057177
683 713 0.0022638
701 733 0.0087232
719 764 0.0054835
720 765 0.009648
721 766 0.011543
756 806 0.01252
757 813 0.011379
772 824 0.0036049
773 825 0.0076818
789 835 0.012569
791 840 0.0098874
797 855 0.0017588
804 864 0.011269
805 865 0.0072163
837 895 0.0070659
839 903 0.010237
844 918 0.0023067
846 919 0.0025602
863 942 0.013465
874 952 0.0099986
902 979 0.013817
905 989 0.0087497
906 990 0.0057116
909 992 0.008881
920 998 0.0015515
925 1004 0.0056929
926 1005 0.013827
940 1016 0.0050794
971 1057 0.011422
989 1079 0.005975
996 1088 0.00087034
997 1089 0.011535
1043 1142 0.00087259
1044 1143 0.0038785
1045 1145 0.0012077
1046 1146 0.00092753
1054 1150 0.0047325
1064 1160 0.013929
1065 1172 0.0030655
1066 1173 0.0023506
1076 1188 0.0073391
1085 1199 0.00087056
1090 1201 0.012497
