74
203 182 0.0094918
227 212 0.0081444
262 240 0.0081982
318 299 0.01275
369 361 0.0062686
394 395 0.0066833
403 401 0.0064428
405 400 0.0045734
559 641 0.010428
634 737 0.0059612
658 753 0.0058064
679 780 0.0059966
684 787 0.0064516
716 811 0.0096885
717 812 0.0070234
761 851 0.0056301
768 850 0.011167
773 860 0.0050991
779 872 0.0076604
803 889 0.0057332
804 890 0.005874
817 902 0.0086726
885 976 0.0039821
894 981 0.0060618
895 982 0.0097312
907 985 0.010595
937 1005 0.0075417
938 1006 0.0063328
945 1016 0.0012344
957 1023 0.0033235
963 1024 0.0059659
976 1038 0.014171
992 1042 0.0014471
1009 1057 0.0057955
1023 1069 0.006863
1025 1077 0.014595
1026 1078 0.0076736
1098 1165 0.011674
1101 1170 0.0059752
1102 1171 0.0086466
1116 1193 0.0077172
1117 1194 0.0083444
1122 1207 0.0051591
1134 1217 0.0073168
1135 1219 0.0081477
1146 1231 0.0032582
1154 1234 0.008955
1155 1235 0.0092873
1161 1238 0.0028357
1164 1244 0.0075186
1165 1246 0.01133
1166 1247 0.010542
1171 1259 0.013528
1175 1263 0.0050729
1176 1264 0.010354
1182 1268 0.0087046
1188 1277 0.011209
1217 1305 0.0073546
1222 1309 0.0058984
1234 1320 0.0024511
1236 1321 0.0064231
1265 1353 0.0012519
1287 1373 0.0096156
1302 1388 0.0045485
1312 1397 0.0020613
1313 1398 0.0027568
1346 1438 0.0018949
1377 1467 0.012533
1386 1474 0.0089771
1387 1476 0.013194
1388 1477 0.012804
1393 1485 0.0017151
1394 1489 0.0073843
1395 1490 0.0080768
