43
265 308 0.0067508
307 339 0.0067098
348 376 0.0075959
362 392 0.009872
565 539 0.014726
678 643 0.012714
686 659 0.0076617
702 676 0.012383
711 682 0.0084281
716 687 0.0060267
719 688 0.0071342
726 696 0.0069544
754 734 0.0051656
755 735 0.004318
803 759 0.0029191
896 819 0.011296
961 874 0.0086159
963 875 0.0035729
971 881 0.013192
990 905 0.014721
991 908 0.0078388
996 912 0.0063796
998 913 0.011423
1002 922 0.004782
1008 932 0.011541
1021 942 0.011625
1026 945 0.0049452
1044 959 0.0037195
1127 1024 0.014468
1151 1050 0.0075584
1161 1054 0.010139
1180 1072 0.0062144
1297 1172 0.0048537
1298 1173 0.0063133
1306 1177 0.003887
1323 1188 0.010201
1380 1238 0.011439
1400 1251 0.01484
1401 1253 0.0043902
1402 1252 0.0063449
1437 1294 0.0044689
1440 1298 0.0077174
1489 1346 0.0053186
