42
352 408 0.011242
414 464 0.012484
415 465 0.014874
427 471 0.011821
431 473 0.0053268
444 480 0.0073325
456 503 0.0094212
503 568 0.008273
813 862 0.0043392
819 867 0.0096412
882 929 0.0044021
893 944 0.0043848
913 955 0.0076047
964 998 0.0050104
965 999 0.0043658
966 997 0.0094872
973 1003 0.0050772
1010 1019 0.0084467
1063 1075 0.011061
1064 1078 0.012124
1085 1099 0.011081
1164 1162 0.010808
1176 1171 0.0052033
1177 1178 0.0028314
1217 1225 0.012956
1224 1236 0.0084299
1359 1374 0.0074666
1363 1376 0.001136
1364 1377 0.001395
1372 1383 0.0061786
1478 1500 0.0065883
1491 1515 0.011697
1501 1528 0.0092245
1594 1629 0.0029377
1611 1650 0.0050625
1623 1664 0.0035634
1626 1669 0.0067116
1628 1670 0.004316
1629 1671 0.0012423
1637 1676 0.013381
1650 1701 0.0056615
1657 1714 0.01524
