137
9 15 0.11582
12 191 0.231
15 21 0.015891
16 19 0.080276
23 33 0.045401
26 369 0.23838
44 44 0.09124
47 49 0.069358
56 55 0.017856
66 376 0.26621
68 61 0.046384
71 64 0.01596
74 374 0.30449
78 69 0.054322
79 74 0.047733
86 83 0.0030287
88 86 0.02268
89 87 0.03634
103 101 0.0021544
106 105 0.0094741
107 106 0.020682
119 116 0.01301
120 118 0.027373
122 101 0.20879
124 119 0.013446
129 137 0.011559
134 144 0.005613
135 150 0.010324
140 153 0.0045764
143 155 0.0067852
144 155 0.16653
147 288 0.043124
184 198 0.049666
185 334 0.18324
188 201 0.084272
198 352 0.18462
202 221 0.013002
204 222 0.0092912
205 223 0.0060011
207 224 0.0066277
210 67 0.022431
215 232 0.021189
222 236 0.0031909
223 237 0.0052122
224 238 0.023047
225 239 0.0025521
226 240 0.0049653
231 97 0.086841
232 98 0.093916
236 252 0.046051
237 253 0.0094241
250 265 0.049599
252 267 0.076475
262 278 0.0082886
263 279 0.010861
265 283 0.0041755
267 166 0.07506
269 287 0.0046544
277 171 0.11006
280 300 0.01766
281 398 0.036706
287 315 0.064046
292 319 0.098331
295 322 0.070065
296 324 0.040372
298 330 0.095509
299 331 0.051558
309 340 0.21201
311 344 0.15527
314 348 0.081705
315 349 0.065348
325 355 0.0082141
326 356 0.01148
328 358 0.098206
331 361 0.0052098
333 363 0.016917
344 376 0.058006
346 100 0.251
349 100 0.30647
352 388 0.24605
353 387 0.018711
357 286 0.015367
358 391 0.003219
359 516 0.044561
362 171 0.08973
363 305 0.0078941
368 406 0.065254
370 407 0.090054
371 411 0.1152
374 52 0.2119
375 419 0.087911
376 421 0.27131
391 493 0.27996
392 434 0.0040031
394 440 0.012521
397 451 0.011281
401 455 0.007243
407 457 0.01266
408 463 0.011274
409 155 0.20542
410 461 0.22095
411 286 0.067542
412 557 0.30119
414 515 0.14748
417 305 0.0093725
424 484 0.15637
433 488 0.19672
434 489 0.10576
436 492 0.0068688
437 495 0.0049673
438 496 0.0053859
439 500 0.010375
442 376 0.26132
443 508 0.010178
444 462 0.15685
445 510 0.014725
446 511 0.0081384
447 512 0.011224
452 521 0.14965
453 477 0.21928
455 116 0.15399
457 220 0.24602
459 526 0.083871
460 527 0.01208
462 528 0.06404
464 538 0.090429
465 294 0.25874
467 530 0.0062266
479 534 0.10829
480 515 0.11742
485 539 0.1976
487 540 0.0033732
489 531 0.087246
496 163 0.13799
502 563 0.15642
503 294 0.25799
509 565 0.16894
