107
8 9 0.041296
17 15 0.03699
20 18 0.020013
39 35 0.12997
41 36 0.036121
48 48 0.0070433
49 197 0.054076
50 49 0.008048
53 195 0.042961
77 76 0.082918
78 77 0.019871
82 82 0.0021085
83 83 0.0052348
84 84 0.0062271
86 85 0.066492
87 86 0.057757
89 87 0.015303
90 88 0.007722
91 89 0.0047649
92 90 0.0019997
94 118 0.36679
97 97 0.0047429
100 461 0.32351
101 99 0.010373
102 100 0.0083786
105 109 0.0055787
107 233 0.025135
109 114 0.015695
110 110 0.077895
111 111 0.067595
115 85 0.20316
123 125 0.012302
124 126 0.0046012
126 128 0.0018326
127 129 0.00097508
128 123 0.19654
134 135 0.034211
137 128 0.12723
138 129 0.098188
144 155 0.0031948
145 156 0.010518
148 86 0.25228
154 176 0.050355
161 179 0.010939
168 183 0.035187
176 191 0.14623
190 195 0.016171
192 197 0.24066
195 192 0.1327
196 302 0.01668
197 302 0.013693
198 201 0.0091293
199 207 0.10992
200 208 0.0070198
202 209 0.011115
203 210 0.18311
214 221 0.0070091
215 224 0.0047418
219 236 0.0097743
221 330 0.056565
223 245 0.0054829
227 333 0.12744
231 172 0.30813
237 291 0.12845
240 292 0.098936
249 295 0.066521
263 302 0.031926
265 305 0.0023131
266 306 0.0047094
268 310 0.14606
271 316 0.055452
274 317 0.0073049
278 319 0.004214
279 320 0.0064308
280 321 0.0074133
285 329 0.013578
287 331 0.06016
289 334 0.0013941
293 334 0.16521
314 356 0.029232
316 360 0.016051
319 362 0.032685
320 363 0.017076
321 364 0.050379
335 297 0.28134
345 395 0.13844
347 396 0.057075
348 397 0.072667
352 408 0.004505
356 411 0.002171
359 427 0.0095089
360 428 0.031016
364 429 0.0091587
365 430 0.0079732
366 431 0.018582
371 434 0.009355
372 411 0.10755
373 435 0.013518
376 411 0.011725
382 428 0.056122
384 445 0.058277
386 123 0.17416
389 458 0.15391
390 458 0.13202
393 450 0.16937
395 453 0.13457
411 459 0.15831
