121
3 1 0.050551
4 2 0.047311
6 3 0.058422
11 9 0.014314
12 10 0.021266
13 15 0.018687
17 8 0.28527
23 19 0.018964
30 27 0.035086
31 29 0.023176
33 30 0.065447
39 306 0.3015
46 44 0.20122
47 45 0.045983
54 325 0.27998
55 53 0.011899
58 66 0.023178
63 69 0.044226
76 80 0.015814
83 88 0.065964
85 90 0.011416
93 97 0.047809
95 106 0.047102
103 14 0.29107
106 119 0.043624
109 124 0.15209
111 134 0.035606
112 135 0.062142
119 139 0.049114
120 287 0.064044
122 140 0.024785
130 142 0.16169
131 146 0.041906
134 148 0.049898
141 155 0.16847
142 156 0.10901
171 173 0.020576
179 182 0.013688
180 181 0.0453
188 191 0.039893
190 192 0.039329
191 194 0.021635
192 195 0.053992
193 320 0.1466
197 201 0.060491
199 203 0.042171
200 206 0.025738
201 207 0.019676
202 208 0.016273
203 404 0.1108
204 14 0.29709
205 404 0.11341
207 209 0.062251
208 210 0.063662
209 213 0.11066
214 236 0.0096861
215 239 0.012285
216 240 0.011552
219 420 0.063527
227 250 0.022886
239 264 0.033407
242 267 0.17573
243 106 0.077156
244 269 0.027623
251 121 0.20012
265 147 0.089128
271 468 0.32764
274 296 0.037635
275 160 0.11534
276 161 0.10119
285 302 0.36441
291 164 0.048891
292 166 0.098465
304 172 0.060164
320 317 0.085329
334 215 0.065895
336 340 0.045215
337 242 0.056789
338 281 0.34304
341 252 0.062395
345 256 0.081472
348 361 0.11638
349 107 0.26212
353 363 0.11268
359 369 0.038323
373 384 0.047934
378 385 0.03956
402 420 0.071714
403 242 0.025862
405 406 0.14553
406 408 0.050479
407 409 0.084108
411 467 0.09914
413 420 0.13258
415 422 0.035495
421 472 0.14268
432 437 0.054326
433 438 0.13972
437 159 0.32139
445 446 0.040051
453 449 0.22668
454 450 0.19202
455 404 0.049909
456 240 0.059092
458 460 0.015837
461 462 0.0048852
462 463 0.015907
463 464 0.027054
468 470 0.13659
469 471 0.075933
472 473 0.15642
473 474 0.14433
474 434 0.10923
475 433 0.096477
481 268 0.32448
492 420 0.18608
497 499 0.048443
498 500 0.046527
499 434 0.18192
527 517 0.073277
535 524 0.094415
