169
2 187 0.25747
6 176 0.12278
14 187 0.054017
15 7 0.044021
16 8 0.017035
17 9 0.015012
20 16 0.019543
21 17 0.022469
24 22 0.030013
31 29 0.026952
35 31 0.047309
38 36 0.18597
42 42 0.059287
43 44 0.018808
48 46 0.057993
49 47 0.074919
50 49 0.090481
51 50 0.060398
57 56 0.0507
60 59 0.062436
65 62 0.0062112
70 68 0.0077718
72 71 0.0074297
73 72 0.0074067
74 69 0.013627
77 74 0.0096226
78 75 0.0047945
81 78 0.08664
85 85 0.01041
88 87 0.0043067
94 95 0.012632
99 96 0.0099233
100 99 0.0090395
102 223 0.32239
105 102 0.010812
108 106 0.010097
118 126 0.057294
121 257 0.095899
122 133 0.18102
124 136 0.0052753
130 264 0.097971
132 456 0.36211
135 144 0.01955
145 155 0.0052338
151 162 0.027052
152 163 0.081841
155 165 0.082426
158 270 0.22749
162 174 0.088188
163 175 0.060501
178 191 0.037402
183 196 0.045977
184 197 0.1025
185 198 0.11507
188 204 0.043504
189 202 0.060785
190 203 0.1166
193 211 0.062865
194 212 0.037359
195 213 0.040345
197 215 0.1449
198 216 0.027267
199 217 0.030207
203 326 0.028147
205 222 0.064987
206 223 0.0051871
208 225 0.20377
209 226 0.0064065
210 228 0.054546
211 85 0.13586
215 230 0.0038287
216 233 0.0025621
221 104 0.056751
228 236 0.012116
229 237 0.023552
231 238 0.062174
236 341 0.075385
246 350 0.093971
247 254 0.012933
248 255 0.0047085
253 262 0.026363
254 263 0.013238
259 272 0.009134
262 273 0.0089124
265 275 0.005296
272 282 0.021513
275 284 0.047905
280 286 0.0061216
293 304 0.050868
306 316 0.062332
307 317 0.29756
309 325 0.0055373
311 327 0.01422
314 329 0.0067019
316 330 0.0060048
318 333 0.33888
323 336 0.02256
324 335 0.095921
327 340 0.0056572
329 345 0.0048327
330 343 0.19614
331 344 0.01262
332 346 0.0059612
333 347 0.0049596
334 249 0.20202
336 351 0.016885
337 352 0.0091818
340 355 0.026465
343 357 0.082825
346 359 0.013273
347 363 0.012948
349 370 0.028881
350 367 0.01765
351 368 0.0078774
353 372 0.016757
354 381 0.0054382
355 380 0.010561
356 376 0.024723
357 377 0.024338
358 378 0.0057449
359 379 0.011885
363 384 0.032027
368 386 0.28641
369 519 0.2087
382 316 0.13985
384 405 0.21435
387 416 0.010795
389 515 0.39401
391 419 0.01258
393 422 0.14551
394 423 0.15222
396 424 0.009045
398 425 0.011153
401 426 0.015661
403 432 0.015953
408 359 0.046721
410 437 0.013011
411 363 0.057838
412 470 0.078513
413 448 0.0096683
416 449 0.0097298
417 495 0.15609
420 397 0.17334
423 450 0.078818
426 452 0.064794
427 218 0.20087
428 454 0.005406
429 455 0.0072994
431 457 0.015153
433 459 0.010503
436 462 0.0096679
437 467 0.008586
439 447 0.053519
441 471 0.17699
445 477 0.14481
449 483 0.10599
450 483 0.058854
451 483 0.15291
453 486 0.012949
462 506 0.10381
463 490 0.084485
470 483 0.091598
471 500 0.030731
478 510 0.0076477
485 504 0.046649
486 515 0.033888
487 518 0.07995
492 293 0.17797
495 530 0.25922
