147
1 4 0.020477
10 192 0.27321
13 13 0.34793
14 14 0.27321
19 177 0.082099
21 18 0.10629
23 19 0.025788
30 26 0.06817
34 30 0.082607
43 194 0.079216
45 42 0.052349
51 46 0.19014
57 52 0.061474
58 53 0.1075
65 268 0.26951
75 9 0.21896
77 60 0.05396
79 61 0.038455
80 64 0.065373
84 65 0.0076572
94 69 0.010296
97 75 0.0046255
100 76 0.0072741
101 77 0.018402
114 90 0.020851
115 219 0.090489
116 91 0.0055478
117 220 0.040847
118 221 0.043674
122 93 0.01669
123 228 0.04899
125 96 0.017498
130 108 0.0084368
131 109 0.013941
132 110 0.026753
134 111 0.017021
140 117 0.016436
141 118 0.01583
142 121 0.026986
149 127 0.042401
152 128 0.010611
157 32 0.35488
160 142 0.029461
164 145 0.16458
165 338 0.1472
167 438 0.2857
170 170 0.006592
172 169 0.0085139
178 173 0.21276
184 174 0.027276
185 175 0.015531
189 176 0.20893
190 178 0.034418
200 186 0.084481
201 187 0.15087
207 191 0.056608
210 306 0.14486
220 199 0.089268
227 203 0.098073
229 66 0.013782
231 206 0.058425
234 209 0.021008
235 82 0.05462
239 214 0.0073111
240 213 0.11346
245 334 0.23107
246 230 0.0081585
247 100 0.1924
250 235 0.010125
252 336 0.27387
259 238 0.011899
261 244 0.021788
269 247 0.011557
274 253 0.041375
276 254 0.19742
277 257 0.0055351
278 258 0.0063841
279 259 0.011752
280 260 0.0069439
282 258 0.020617
283 259 0.034185
297 363 0.0046564
303 286 0.03263
306 293 0.13933
313 301 0.088335
314 308 0.065956
319 313 0.019466
320 318 0.14203
321 319 0.093836
332 323 0.0083726
333 208 0.058276
339 330 0.24315
342 334 0.028811
349 335 0.0076226
354 337 0.0047287
356 338 0.026195
360 342 0.048322
365 347 0.01913
369 345 0.022377
373 348 0.034467
374 349 0.043597
376 348 0.055751
377 349 0.095943
378 348 0.16417
379 349 0.16231
391 363 0.0058736
392 418 0.0031359
395 451 0.0092028
396 366 0.04565
407 377 0.047908
408 378 0.14204
409 381 0.13205
411 430 0.21559
412 430 0.095535
417 385 0.0113
418 386 0.014101
420 388 0.024492
421 389 0.018489
428 380 0.22027
429 376 0.25243
435 398 0.012912
438 398 0.21848
440 400 0.25375
441 399 0.014759
442 400 0.015541
443 402 0.17405
444 403 0.157
458 435 0.0044809
460 393 0.045524
463 441 0.011742
466 472 0.23636
468 473 0.094792
471 398 0.19505
473 444 0.032601
475 420 0.11922
479 455 0.08331
480 456 0.072546
487 458 0.011858
488 463 0.026534
489 468 0.025878
491 470 0.0053186
498 515 0.093866
502 484 0.01784
507 491 0.076586
512 506 0.076274
526 512 0.062723
529 512 0.049692
