157
1 7 0.03824
2 8 0.018003
5 11 0.017282
7 12 0.063209
11 166 0.34732
13 15 0.046468
14 16 0.032413
17 22 0.016418
18 23 0.024254
26 28 0.016191
31 30 0.0078349
32 31 0.012917
34 34 0.020814
35 35 0.016727
37 37 0.045073
48 41 0.026862
61 55 0.049858
77 65 0.0032891
78 208 0.048625
79 111 0.29687
80 73 0.025884
83 214 0.24371
86 79 0.015296
88 82 0.014396
89 85 0.021431
90 86 0.016494
91 87 0.015034
92 88 0.011897
97 90 0.032091
100 92 0.026865
103 94 0.035567
105 96 0.0063795
112 105 0.014111
113 104 0.016558
121 109 0.00495
123 111 0.25368
126 117 0.0041096
130 122 0.0084209
131 123 0.017027
133 124 0.0032078
137 131 0.0029915
146 143 0.12651
147 136 0.011922
151 248 0.053788
155 143 0.0023805
161 146 0.0019697
163 249 0.19455
169 152 0.079543
171 157 0.019822
174 161 0.095205
177 162 0.23658
179 166 0.01421
183 170 0.11702
184 172 0.23598
186 176 0.014107
189 177 0.01035
190 283 0.1592
193 178 0.024954
195 26 0.079927
198 179 0.027522
200 180 0.01694
201 181 0.092454
208 185 0.011169
209 187 0.0098831
210 189 0.038853
213 193 0.0035449
214 194 0.0037338
222 197 0.0042992
223 196 0.0055665
224 198 0.0043765
229 58 0.2111
234 206 0.0060934
242 370 0.12499
248 223 0.009095
264 231 0.011543
265 234 0.055965
267 236 0.020166
276 248 0.054381
280 340 0.24506
282 254 0.0049631
283 508 0.27419
285 256 0.0036031
286 261 0.0034004
289 271 0.078527
295 163 0.17751
297 274 0.047855
298 275 0.034437
303 283 0.12596
304 284 0.05006
307 285 0.092602
320 291 0.043206
321 291 0.033248
322 291 0.049227
328 458 0.10195
329 458 0.090346
330 294 0.01954
331 294 0.03776
333 294 0.071411
335 202 0.087257
338 299 0.15201
346 302 0.32404
347 303 0.0055039
350 308 0.0040986
353 312 0.0076808
356 313 0.04063
358 314 0.0035956
361 315 0.00811
364 393 0.083437
365 323 0.22426
366 234 0.27658
369 329 0.010041
373 248 0.33434
377 337 0.1965
383 347 0.0033062
385 485 0.34703
392 360 0.032139
394 363 0.017051
395 362 0.035835
396 363 0.20244
398 182 0.22487
404 503 0.115
405 368 0.020618
408 373 0.0097077
409 380 0.0053454
410 381 0.0065446
411 382 0.0072042
412 383 0.0067433
414 386 0.0068121
415 387 0.009073
417 388 0.0071998
418 393 0.050237
420 395 0.012071
423 398 0.04503
424 399 0.011139
425 401 0.010321
426 400 0.014221
430 269 0.22575
437 362 0.11339
439 415 0.030647
448 422 0.0086567
452 426 0.0049485
455 465 0.041817
477 490 0.35618
478 468 0.043178
479 471 0.05113
481 452 0.070737
483 456 0.040693
486 500 0.047935
487 487 0.018211
489 490 0.35283
491 497 0.024868
498 501 0.025336
504 506 0.078951
508 512 0.093151
509 512 0.093151
512 523 0.16711
514 526 0.17776
