213
3 1 0.043963
9 3 0.1948
10 4 0.19724
16 179 0.077871
17 180 0.16213
19 14 0.074359
21 20 0.062791
22 27 0.068204
37 36 0.028582
38 37 0.062137
40 38 0.069472
41 40 0.069474
43 39 0.068512
47 43 0.06165
50 473 0.128
52 46 0.0023175
54 47 0.0045613
55 48 0.0020516
58 49 0.0089099
60 50 0.0034898
61 52 0.0080111
64 56 0.0055682
65 57 0.0053714
66 58 0.0047105
67 65 0.0096523
68 70 0.0038546
69 71 0.24523
70 73 0.14564
71 74 0.0063248
72 75 0.0014616
76 79 0.094864
79 82 0.0050016
82 83 0.012886
83 84 0.0071335
84 85 0.011082
88 93 0.007313
91 96 0.026914
92 99 0.022545
101 103 0.0071295
102 104 0.0056306
104 107 0.010665
113 110 0.0047501
115 265 0.057173
119 116 0.014907
120 115 0.007527
124 121 0.0075681
126 123 0.0041505
128 124 0.0046676
129 125 0.012045
138 128 0.00096593
141 129 0.11743
143 130 0.0028862
144 131 0.0011543
145 132 0.15195
147 133 0.0060669
148 287 0.040597
150 135 0.0013581
165 225 0.34001
166 144 0.0028052
169 149 0.0062282
175 159 0.0069855
176 160 0.008233
177 161 0.0079736
180 306 0.11581
181 309 0.2022
183 171 0.14744
184 172 0.15015
194 181 0.07018
196 182 0.059537
197 183 0.14676
200 188 0.044814
201 189 0.026922
202 192 0.027308
207 195 0.045699
214 199 0.18459
215 206 0.12837
221 210 0.17461
223 210 0.10438
228 211 0.0027566
229 419 0.11111
233 215 0.051678
236 55 0.017153
237 217 0.012834
238 218 0.0076578
239 226 0.003716
240 227 0.0024729
242 231 0.00099128
244 232 0.0027132
245 233 0.0068086
248 362 0.028927
249 363 0.023826
250 236 0.0028102
251 237 0.0023687
252 95 0.07287
254 241 0.0066825
259 248 0.0017201
260 252 0.017684
261 253 0.031511
262 254 0.011991
263 257 0.0024744
264 258 0.0018504
267 262 0.0065974
271 267 0.0025478
275 269 0.18488
278 278 0.20191
280 468 0.26917
281 282 0.0019784
283 286 0.001708
287 288 0.0011449
290 290 0.010811
293 134 0.030825
298 293 0.0065915
299 294 0.071031
300 292 0.14443
303 299 0.0012591
305 306 0.0054752
306 307 0.0028766
307 309 0.0091316
308 308 0.13119
309 311 0.037217
312 318 0.038068
315 325 0.069782
316 327 0.22624
319 332 0.05422
321 334 0.065702
323 337 0.11785
325 340 0.066752
326 341 0.057277
327 342 0.10294
328 342 0.027776
332 343 0.0041936
336 344 0.0079842
337 345 0.0062463
338 346 0.0043613
340 347 0.013515
341 348 0.013273
342 349 0.0042711
343 350 0.010214
344 351 0.0047886
347 220 0.093833
349 355 0.0022212
350 356 0.0024631
351 358 0.011868
354 359 0.0033176
355 360 0.0071595
356 364 0.0072471
357 365 0.0026311
358 240 0.054347
360 366 0.0019028
365 371 0.0027219
368 372 0.003654
369 266 0.23101
372 272 0.071902
374 377 0.0047688
375 378 0.002175
377 274 0.038463
385 385 0.0012383
386 100 0.14652
388 468 0.29558
390 386 0.0023995
391 387 0.0024409
400 435 0.026591
402 64 0.43199
403 401 0.025746
405 402 0.057412
406 402 0.19672
408 441 0.041954
412 409 0.13882
420 341 0.15065
425 421 0.010406
426 422 0.014215
427 423 0.0042508
429 424 0.12701
430 170 0.22695
436 427 0.0040505
448 431 0.0022123
454 432 0.00097549
455 433 0.0022738
459 436 0.2038
460 437 0.16725
461 438 0.012094
462 439 0.019503
466 402 0.30455
467 441 0.047594
468 478 0.061248
475 450 0.16345
476 419 0.01523
477 455 0.007144
478 454 0.13936
480 461 0.0065346
481 463 0.010281
483 465 0.017925
485 496 0.11061
489 467 0.0043904
495 471 0.16529
496 470 0.15623
507 503 0.12605
512 487 0.2057
513 453 0.32002
514 490 0.05744
516 492 0.045478
518 497 0.018428
521 274 0.33947
526 503 0.020493
527 504 0.0099384
528 509 0.034046
529 510 0.29791
531 513 0.024522
533 516 0.01728
539 522 0.025768
541 527 0.012837
542 529 0.031019
550 458 0.21264
