159
7 3 0.011265
18 6 0.093904
23 8 0.018504
24 15 0.039632
28 23 0.071188
33 29 0.0083625
34 30 0.013554
39 36 0.012093
41 40 0.011391
43 43 0.03054
47 192 0.29596
48 44 0.22758
49 45 0.21946
54 55 0.0019931
57 59 0.0031854
58 60 0.0018719
60 62 0.025666
61 63 0.073783
63 63 0.177
72 69 0.030968
74 232 0.018257
76 74 0.0073294
77 75 0.0077688
84 239 0.063883
87 85 0.032775
94 96 0.030401
102 101 0.087195
103 102 0.06682
110 253 0.085322
111 254 0.044055
117 110 0.011621
118 114 0.007139
125 116 0.03718
126 119 0.013208
127 120 0.0069491
130 117 0.013665
131 118 0.013928
138 125 0.0060467
143 134 0.0028218
144 135 0.0022435
152 140 0.038639
153 141 0.048332
167 167 0.080426
168 168 0.21396
169 163 0.0065749
176 175 0.095449
180 178 0.018975
187 181 0.022442
188 187 0.0095023
189 191 0.036421
190 192 0.01303
193 196 0.016692
196 197 0.015802
197 203 0.022507
198 205 0.0065355
200 206 0.011899
212 215 0.0067261
216 54 0.039713
219 220 0.0062845
229 221 0.014236
231 228 0.15735
234 231 0.0033415
243 233 0.0018201
247 236 0.0088018
251 171 0.18116
255 87 0.015887
257 241 0.0024997
258 242 0.0021205
259 243 0.24773
261 246 0.0029492
262 244 0.0027242
263 245 0.0031991
268 249 0.015036
270 255 0.2042
271 251 0.0045678
272 252 0.0051318
273 256 0.005209
274 257 0.007919
276 258 0.0087177
277 260 0.0069111
278 261 0.0080007
279 263 0.020242
286 274 0.015653
288 273 0.14039
289 270 0.0036958
290 271 0.003201
291 272 0.0038288
299 281 0.011568
308 301 0.021946
310 299 0.072943
313 302 0.018168
316 306 0.022469
318 308 0.010893
319 309 0.015148
324 310 0.008613
325 312 0.014646
326 313 0.021401
327 315 0.014815
328 316 0.048437
331 217 0.027398
332 220 0.049843
334 325 0.0089654
335 327 0.00888
336 328 0.010859
337 329 0.0027761
339 337 0.015441
342 343 0.074398
343 237 0.43452
344 344 0.0043082
345 345 0.0021062
346 348 0.0025563
347 349 0.026889
350 354 0.014492
351 355 0.030429
352 357 0.004816
356 360 0.0017963
359 362 0.0080737
360 363 0.003088
364 366 0.015732
365 367 0.012573
368 368 0.026106
370 262 0.27232
371 371 0.0045212
373 372 0.017372
377 373 0.0061903
382 375 0.013248
400 390 0.041914
401 391 0.032862
402 396 0.025214
405 402 0.0074196
407 406 0.0039937
415 407 0.011556
416 246 0.19429
417 343 0.15667
421 413 0.12793
424 357 0.11442
426 416 0.0036889
439 428 0.034207
451 436 0.066823
452 437 0.0093546
456 442 0.049061
457 443 0.031939
458 445 0.014977
468 449 0.002986
472 501 0.27724
476 460 0.0090979
477 461 0.18622
478 462 0.019974
487 467 0.049407
490 471 0.011489
491 472 0.017303
496 474 0.044426
497 476 0.11174
509 490 0.13387
511 499 0.012008
515 501 0.166
516 502 0.034769
518 363 0.25453
519 505 0.13636
