122
3 2 0.091515
7 8 0.02482
8 9 0.020152
9 7 0.030511
11 13 0.11785
14 22 0.031354
21 34 0.045346
25 36 0.083242
33 52 0.16261
36 52 0.19147
37 57 0.23184
39 58 0.038652
43 63 0.1653
44 202 0.062191
62 102 0.040595
70 110 0.019071
76 112 0.028473
83 113 0.018306
84 114 0.010212
88 271 0.26744
91 125 0.0077284
92 123 0.015435
93 252 0.20749
122 416 0.22256
144 13 0.3473
153 170 0.028636
154 171 0.028833
155 177 0.015676
160 180 0.11636
161 186 0.049686
166 192 0.078077
167 191 0.18132
172 54 0.096002
174 200 0.013131
177 201 0.042207
182 67 0.060788
183 66 0.079723
191 75 0.054511
193 84 0.18694
194 212 0.028991
196 214 0.019892
198 217 0.29286
199 320 0.038255
200 218 0.030791
201 219 0.039347
202 220 0.087604
203 104 0.064358
204 222 0.015441
207 322 0.038869
215 234 0.07762
218 237 0.019427
220 240 0.019386
223 242 0.015772
224 243 0.012214
226 119 0.12703
231 250 0.031303
235 138 0.13147
236 139 0.11746
238 141 0.058651
240 261 0.11602
245 233 0.31797
250 270 0.29052
251 204 0.10132
252 281 0.19706
257 156 0.21852
259 481 0.14685
263 159 0.15411
270 288 0.039711
273 289 0.038186
274 290 0.21586
277 294 0.025302
279 295 0.062913
280 297 0.023164
284 305 0.07015
287 427 0.24858
294 315 0.043644
299 318 0.10488
300 319 0.017676
302 342 0.2344
303 401 0.26186
304 321 0.27018
307 326 0.0089253
308 325 0.029797
312 328 0.020282
315 245 0.12387
316 338 0.021773
318 342 0.024406
319 407 0.12423
326 360 0.07146
356 297 0.11997
361 378 0.043357
363 379 0.26243
370 200 0.18715
375 390 0.04921
376 318 0.083085
380 395 0.043076
381 397 0.014212
382 399 0.0061473
384 402 0.011362
385 407 0.046036
388 415 0.029167
399 419 0.10406
401 421 0.037224
402 422 0.040222
406 424 0.25247
408 427 0.19892
410 386 0.15906
412 430 0.051936
418 406 0.083584
428 443 0.072261
434 472 0.20233
437 456 0.029736
438 458 0.030648
439 457 0.043121
440 459 0.02505
441 464 0.083322
442 466 0.030354
449 475 0.034368
453 481 0.082235
460 491 0.12841
469 492 0.28947
477 344 0.20846
