176
7 14 0.052687
9 15 0.018429
10 16 0.025263
11 21 0.018404
12 24 0.021894
13 26 0.030883
21 34 0.17719
32 39 0.063033
33 38 0.047898
36 41 0.13807
37 43 0.024532
39 49 0.015123
43 53 0.018084
44 54 0.017279
46 56 0.0088934
49 63 0.17901
50 62 0.29207
52 60 0.048423
53 61 0.01074
57 65 0.0098631
67 68 0.035945
68 72 0.0085278
70 75 0.15912
71 225 0.20658
72 79 0.018234
73 80 0.024078
74 81 0.024503
80 88 0.049795
82 91 0.080168
87 92 0.093794
98 98 0.050186
103 103 0.0072748
110 107 0.023737
111 108 0.020221
117 113 0.047884
123 118 0.014494
127 127 0.17333
129 128 0.014484
139 135 0.06135
140 138 0.01152
141 139 0.15368
144 140 0.010774
147 146 0.050799
148 150 0.0048979
150 155 0.24793
151 156 0.030404
152 157 0.0090401
162 167 0.098999
170 176 0.014465
178 28 0.16246
181 25 0.082835
187 35 0.16496
191 195 0.037692
192 196 0.021456
196 42 0.05223
199 198 0.012191
201 198 0.067582
202 203 0.029244
204 211 0.041683
212 62 0.042667
215 213 0.015513
219 217 0.039111
220 218 0.032595
223 220 0.015277
224 221 0.019152
226 222 0.017587
227 223 0.045675
230 226 0.0086927
239 231 0.085468
245 408 0.22914
246 232 0.095481
252 89 0.063637
253 235 0.026663
254 238 0.057248
261 246 0.017573
266 357 0.2329
267 358 0.29958
268 247 0.024044
269 253 0.017101
270 248 0.0192
273 252 0.065791
278 254 0.021653
279 255 0.0045104
280 257 0.022504
294 261 0.026674
295 260 0.025848
301 368 0.092036
306 271 0.0097074
307 272 0.0081858
311 376 0.06743
312 279 0.0063657
317 281 0.017938
319 284 0.014823
323 287 0.019301
324 288 0.027747
327 293 0.0073664
328 290 0.043453
329 295 0.010858
332 299 0.027287
333 300 0.092674
341 313 0.025774
342 314 0.029699
347 318 0.041806
353 181 0.44116
363 322 0.054044
364 324 0.0097198
365 327 0.0050012
369 330 0.10014
370 331 0.025929
372 333 0.02723
375 62 0.15019
377 337 0.0054865
380 338 0.014568
381 339 0.023789
393 342 0.0090843
394 343 0.0077747
395 344 0.040779
404 350 0.12955
409 355 0.024143
418 360 0.0053705
419 361 0.0091474
422 362 0.007865
427 363 0.03383
430 365 0.014128
431 366 0.024651
432 364 0.029797
439 371 0.14876
440 372 0.15386
443 437 0.095208
444 374 0.016433
445 375 0.012981
447 377 0.02229
451 97 0.089854
453 289 0.10855
454 384 0.0068344
460 386 0.010703
461 387 0.011065
467 391 0.093892
471 318 0.0831
478 403 0.0037489
480 62 0.14959
483 413 0.042072
488 342 0.027979
489 343 0.051244
491 416 0.015359
495 471 0.10839
496 350 0.17238
497 424 0.029636
502 427 0.028107
503 428 0.024103
507 437 0.0072619
510 377 0.090741
511 438 0.008578
515 439 0.084449
517 441 0.011529
518 442 0.18628
522 391 0.10522
523 247 0.33206
531 456 0.0094186
532 457 0.22901
533 459 0.027123
534 465 0.012166
541 466 0.016531
567 496 0.22147
571 502 0.30481
572 504 0.041344
573 508 0.025944
574 510 0.025649
575 511 0.069507
580 516 0.061667
585 518 0.065139
586 189 0.29029
595 529 0.087848
596 530 0.053977
600 536 0.20238
601 526 0.050517
