230
11 11 0.013161
17 17 0.014665
27 25 0.024411
29 28 0.058527
31 35 0.15965
35 175 0.017778
37 37 0.0050226
39 45 0.012942
42 51 0.055833
44 51 0.22665
47 58 0.0041755
49 62 0.0046467
50 62 0.15011
55 67 0.0099222
59 73 0.0092695
63 74 0.0085778
67 245 0.31165
68 216 0.2202
69 81 0.057251
70 82 0.033169
74 83 0.0011298
80 88 0.004486
81 92 0.01535
82 93 0.008356
83 90 0.013878
84 91 0.0058418
86 97 0.014196
91 101 0.0027225
92 100 0.0014044
95 103 0.0018561
98 106 0.011535
99 107 0.0027493
100 414 0.3717
104 111 0.010957
105 109 0.021192
106 110 0.005497
110 118 0.2649
111 143 0.20146
119 114 0.010966
120 115 0.0098924
121 116 0.043604
122 249 0.21321
125 119 0.0080323
126 120 0.0025036
127 118 0.018496
128 117 0.010724
130 122 0.014459
131 123 0.0045265
134 124 0.0040738
135 125 0.018913
138 133 0.0056512
140 135 0.005743
145 143 0.11335
152 137 0.18918
154 147 0.10857
157 261 0.049113
160 358 0.22253
161 128 0.21492
163 107 0.20544
164 152 0.027975
176 158 0.018954
180 161 0.013256
181 162 0.066222
187 169 0.034254
188 170 0.06736
192 173 0.038675
194 174 0.0054039
200 51 0.11267
204 53 0.17876
211 207 0.011245
213 208 0.0040921
214 209 0.10685
215 210 0.014554
220 213 0.27694
221 214 0.040842
222 215 0.020264
224 216 0.0041435
225 218 0.0034981
226 219 0.0084276
227 220 0.017893
228 221 0.16007
230 224 0.22289
231 225 0.16815
232 221 0.0057342
233 222 0.0018914
234 223 0.0016146
236 86 0.098314
237 87 0.072128
238 226 0.24336
240 231 0.0062071
241 317 0.056116
243 232 0.0016154
248 236 0.0048804
249 237 0.0082699
250 336 0.30815
254 328 0.19775
256 241 0.0080628
257 240 0.0011811
260 242 0.004039
261 247 0.12821
262 404 0.11195
265 245 0.0055071
271 248 0.018746
274 241 0.1228
275 249 0.011969
277 328 0.13305
278 256 0.20497
279 253 0.0082033
280 256 0.17725
283 338 0.020425
284 254 0.27517
290 404 0.10024
294 256 0.0074932
297 259 0.022039
298 258 0.012055
300 262 0.0069555
303 263 0.023432
304 264 0.047852
309 272 0.030545
310 274 0.019136
311 275 0.022216
313 280 0.034813
318 377 0.057314
320 188 0.0074707
323 300 0.0029852
324 301 0.0031027
326 303 0.0032474
327 304 0.0034194
330 307 0.0039888
335 311 0.067841
336 312 0.0064449
337 313 0.0034918
340 315 0.0046032
350 319 0.065932
351 320 0.059803
354 321 0.00096554
355 322 0.057235
356 324 0.0016991
358 327 0.0020628
359 328 0.03079
362 404 0.10915
363 330 0.011846
364 332 0.0025393
365 331 0.004606
366 335 0.0088963
367 336 0.0030011
368 334 0.0025739
370 407 0.15954
375 407 0.13607
377 341 0.0047058
379 343 0.013161
381 345 0.018129
382 344 0.015786
384 349 0.0079767
385 356 0.17865
387 347 0.015625
388 350 0.015715
389 346 0.023831
390 354 0.0095179
392 351 0.0081761
395 352 0.22806
398 357 0.0052836
399 264 0.32237
402 356 0.0075514
405 358 0.034191
406 359 0.052471
410 361 0.071336
411 362 0.071016
415 365 0.044938
416 366 0.083451
420 367 0.19523
421 368 0.051627
427 37 0.090153
432 377 0.0071233
440 383 0.0036465
441 384 0.005471
443 388 0.0029782
447 394 0.23625
449 400 0.0038621
450 401 0.0047551
451 403 0.005169
452 404 0.0049333
454 406 0.32642
458 408 0.095087
459 411 0.12946
460 410 0.015942
461 347 0.031605
462 409 0.024014
464 410 0.16244
465 352 0.29119
466 413 0.025326
474 447 0.13421
479 424 0.04637
481 450 0.22054
485 431 0.013375
487 432 0.15174
488 433 0.0092329
494 16 0.39731
495 434 0.013943
505 440 0.0069905
506 441 0.13045
513 445 0.07079
520 188 0.079114
521 42 0.074824
525 453 0.13819
529 458 0.057488
534 460 0.034614
537 461 0.0078719
539 464 0.13415
541 473 0.13097
543 464 0.16668
544 463 0.063941
545 464 0.04271
548 445 0.12706
550 466 0.1943
551 467 0.22674
552 468 0.01967
554 470 0.097407
563 473 0.028692
566 464 0.30537
569 478 0.013739
570 478 0.16626
574 484 0.20185
575 485 0.12224
580 489 0.14189
581 491 0.11292
583 494 0.14354
584 495 0.28026
587 495 0.13966
588 496 0.073135
