195
3 2 0.040883
19 22 0.029123
25 23 0.21628
48 589 0.18056
65 51 0.011524
66 49 0.016486
67 50 0.018693
71 213 0.12145
83 63 0.022149
84 64 0.006363
90 69 0.011909
103 78 0.0017366
104 79 0.10667
115 83 0.0067935
120 91 0.16407
127 259 0.27556
128 107 0.013718
129 108 0.0061722
137 112 0.063045
140 113 0.019352
148 286 0.06703
150 126 0.061441
151 124 0.010184
152 125 0.076861
156 292 0.04447
157 130 0.020737
159 133 0.020263
160 134 0.019019
165 137 0.0083773
166 138 0.0062605
174 142 0.030941
175 145 0.016802
180 308 0.10226
182 146 0.013071
185 316 0.12305
187 321 0.094398
188 322 0.082028
192 157 0.012718
193 156 0.01696
197 161 0.015159
203 164 0.21382
204 165 0.041832
205 163 0.015864
208 168 0.080927
209 169 0.12336
217 175 0.09303
220 179 0.028643
221 183 0.027719
222 184 0.037169
227 28 0.07375
229 27 0.14383
235 188 0.11098
236 189 0.12393
237 193 0.027918
239 194 0.089042
245 195 0.02874
251 197 0.03701
253 38 0.02504
259 205 0.055082
260 206 0.10782
261 210 0.020114
264 213 0.0045174
268 214 0.0013907
272 376 0.062818
273 58 0.025329
274 61 0.036191
275 62 0.036716
280 221 0.0082541
281 222 0.0035496
283 225 0.006633
286 232 0.0036773
289 236 0.001939
290 240 0.069633
294 247 0.008222
298 250 0.018902
300 255 0.0034286
304 89 0.041461
305 257 0.0029873
306 258 0.0025486
310 259 0.028779
311 260 0.079756
318 262 0.0069068
319 265 0.011675
324 274 0.033925
325 277 0.010706
328 275 0.0094363
329 276 0.010894
330 119 0.12161
331 120 0.10582
334 281 0.020823
337 293 0.045494
338 288 0.0075446
342 299 0.0097804
343 304 0.014204
344 305 0.016035
346 303 0.024833
347 302 0.15796
349 309 0.10563
357 128 0.15956
359 318 0.041994
366 198 0.080585
367 159 0.12404
368 451 0.045579
370 330 0.0078334
371 331 0.0068164
372 335 0.013313
374 465 0.048779
381 346 0.040369
383 351 0.033234
384 352 0.16833
390 357 0.10082
391 355 0.096138
403 368 0.0031128
405 371 0.0020324
406 373 0.07961
408 374 0.10615
409 375 0.026206
410 378 0.0026779
411 379 0.001912
414 383 0.0065188
415 386 0.024348
416 385 0.012069
417 387 0.0068376
418 390 0.0063139
420 392 0.011066
424 396 0.018117
426 397 0.0058565
430 398 0.0018518
439 403 0.005233
441 411 0.32985
442 412 0.013109
443 413 0.0474
444 414 0.1621
445 415 0.030362
446 567 0.1607
449 423 0.026798
453 424 0.0049202
454 425 0.042209
455 426 0.027616
457 446 0.15625
461 452 0.090759
463 458 0.0082855
464 455 0.011597
469 463 0.037764
470 464 0.035365
471 462 0.0084245
476 470 0.026994
485 476 0.12832
487 477 0.058928
488 530 0.015159
493 533 0.21607
496 49 0.30626
497 481 0.010312
499 535 0.26347
501 484 0.0033358
502 485 0.0027312
503 486 0.032528
504 540 0.046263
518 494 0.0041335
519 498 0.016895
532 508 0.015382
533 516 0.030461
534 512 0.092401
539 519 0.0070852
541 526 0.074372
549 543 0.0022365
551 544 0.0041491
559 570 0.061842
561 547 0.0084935
562 548 0.013098
564 455 0.19441
565 549 0.0083164
566 550 0.0077196
567 554 0.0077814
568 555 0.0061755
570 556 0.034672
579 559 0.015471
580 539 0.066024
581 560 0.0033547
582 561 0.30578
583 562 0.0048033
584 566 0.0056873
585 569 0.25589
587 451 0.19336
600 576 0.0034698
603 577 0.18928
606 581 0.023853
607 582 0.032177
617 592 0.0078714
618 593 0.10862
620 594 0.015558
622 597 0.22316
623 598 0.11334
624 591 0.15621
628 605 0.14373
