108
2 2 0.11664
7 8 0.046838
9 10 0.021689
11 7 0.040254
22 15 0.068895
24 16 0.028075
25 17 0.1442
29 18 0.016775
30 19 0.016445
34 36 0.098854
35 39 0.056378
59 62 0.023891
61 68 0.037595
67 69 0.028045
68 70 0.044209
69 72 0.035438
72 77 0.040374
78 81 0.028451
81 84 0.024539
86 86 0.055617
87 87 0.05567
94 90 0.03795
105 92 0.041727
127 247 0.11871
139 118 0.11011
142 38 0.35346
147 122 0.13323
148 123 0.11801
155 128 0.034443
156 129 0.03078
157 130 0.072892
158 131 0.082514
162 135 0.030404
163 136 0.025354
166 138 0.10568
174 180 0.15
175 181 0.2642
184 14 0.093403
185 186 0.031308
186 187 0.045259
187 188 0.055647
194 190 0.091256
207 198 0.28265
223 214 0.034774
224 215 0.045688
228 217 0.051055
229 218 0.041474
239 314 0.19321
244 225 0.072221
245 226 0.087861
246 91 0.060774
249 231 0.052126
263 453 0.36364
268 188 0.18393
277 252 0.074517
281 253 0.27621
286 361 0.14151
289 255 0.032686
291 258 0.044669
302 326 0.29513
303 268 0.033675
313 339 0.13819
319 285 0.069214
320 286 0.056569
328 289 0.12952
330 291 0.076538
331 292 0.050208
335 294 0.29965
352 304 0.040386
354 306 0.034751
357 309 0.026229
361 312 0.02711
367 316 0.1113
368 317 0.11688
369 318 0.018611
370 320 0.062504
375 326 0.11501
378 387 0.35948
379 329 0.039604
380 330 0.032749
382 290 0.34915
388 333 0.038083
390 256 0.12982
391 334 0.089831
394 413 0.23038
412 357 0.11575
416 360 0.2396
419 439 0.14021
420 364 0.047116
425 371 0.027814
426 372 0.067153
429 373 0.019899
430 406 0.063815
435 134 0.26293
442 378 0.044948
452 397 0.052882
459 72 0.31029
462 402 0.1223
466 403 0.035276
480 413 0.10041
491 434 0.20677
504 374 0.25139
516 374 0.19826
517 439 0.091141
518 440 0.069931
521 437 0.12897
526 411 0.10807
533 375 0.32702
