130
6 6 0.039913
20 15 0.087449
23 20 0.22995
24 159 0.070017
27 158 0.077569
30 22 0.023554
31 23 0.030491
32 24 0.022522
38 28 0.054364
41 30 0.16596
45 33 0.12371
46 34 0.15372
47 35 0.024231
48 173 0.020466
50 39 0.15013
54 43 0.078778
57 98 0.33495
59 46 0.021806
60 47 0.01482
61 292 0.13367
64 50 0.00925
66 188 0.30307
67 189 0.35495
70 308 0.25124
71 52 0.01776
75 53 0.0062653
76 54 0.041501
80 58 0.010438
85 59 0.0081462
88 61 0.0036579
93 73 0.003202
96 82 0.16138
97 80 0.0094214
98 78 0.0028098
99 219 0.027014
108 87 0.026552
109 89 0.015357
111 94 0.021829
112 95 0.018823
121 255 0.016511
128 350 0.35582
133 248 0.33603
134 253 0.33927
138 114 0.34042
158 130 0.052477
164 129 0.027875
165 125 0.040559
167 133 0.056833
175 140 0.0099627
179 145 0.094083
182 147 0.01514
183 148 0.022717
196 168 0.19329
200 178 0.012338
201 179 0.027669
202 98 0.36808
203 180 0.0090882
204 181 0.0067091
205 184 0.016743
206 185 0.075961
208 188 0.0016758
209 189 0.0025621
210 190 0.11565
211 51 0.35658
216 192 0.14218
219 56 0.025392
220 57 0.050354
221 297 0.051418
222 205 0.014992
223 206 0.00964
228 208 0.0026851
229 209 0.019991
232 74 0.032663
233 216 0.0027207
235 217 0.016257
238 221 0.0029415
239 222 0.0080306
240 225 0.033987
241 228 0.038504
243 88 0.080186
258 429 0.27177
261 248 0.16096
269 128 0.25668
280 266 0.07344
281 264 0.1328
287 272 0.023321
290 281 0.036293
299 289 0.0067
300 98 0.40957
302 292 0.0020085
303 291 0.0019375
305 293 0.017658
308 296 0.0050312
311 298 0.0039576
315 305 0.0021558
322 219 0.026034
323 313 0.055507
336 79 0.33703
348 348 0.024321
349 350 0.044045
350 355 0.11878
351 357 0.066436
352 278 0.097218
353 358 0.05915
354 359 0.041567
355 362 0.039576
359 352 0.33962
362 370 0.019157
366 373 0.0031579
370 303 0.060513
371 63 0.22032
372 436 0.24261
373 318 0.17131
383 427 0.19459
385 397 0.28534
387 403 0.11335
399 409 0.16379
401 414 0.014396
407 415 0.12507
414 429 0.080041
415 430 0.1123
420 436 0.024168
423 318 0.35882
433 464 0.16507
438 455 0.16435
445 303 0.32535
446 459 0.095672
450 131 0.23969
451 266 0.11739
452 468 0.16094
