129
2 275 0.21042
4 2 0.30358
6 4 0.18997
17 15 0.088258
20 18 0.031939
37 29 0.022758
38 30 0.027231
42 35 0.12643
56 62 0.065451
57 231 0.059582
59 63 0.08635
68 74 0.21132
73 77 0.035402
74 78 0.033581
81 87 0.032306
92 95 0.062386
93 96 0.2058
98 98 0.026429
101 99 0.02315
102 100 0.024587
105 108 0.33228
120 121 0.028395
130 135 0.018408
141 139 0.063408
149 146 0.013473
153 291 0.070978
154 155 0.020208
165 171 0.014199
168 173 0.31947
169 174 0.054145
173 187 0.17987
174 188 0.1796
177 190 0.025109
178 191 0.045964
180 192 0.062279
181 193 0.055243
182 195 0.012987
187 209 0.035653
193 330 0.13923
195 133 0.095597
196 133 0.12304
198 225 0.017043
199 229 0.012804
200 335 0.044076
201 226 0.10564
202 230 0.042087
204 232 0.17893
205 234 0.028232
206 235 0.035604
214 243 0.026241
219 247 0.02758
232 111 0.15376
239 117 0.21366
240 270 0.02959
242 272 0.030371
243 273 0.029422
244 122 0.040809
246 130 0.15605
254 280 0.19875
258 387 0.13475
261 282 0.045119
262 286 0.032604
263 284 0.020551
264 285 0.070211
265 292 0.05499
269 294 0.03555
271 295 0.024753
272 351 0.32978
274 164 0.27763
289 310 0.12044
290 311 0.31354
297 320 0.076014
301 224 0.13559
303 331 0.01366
304 333 0.023797
306 94 0.17407
309 345 0.017598
318 353 0.038299
323 359 0.026152
325 362 0.22427
326 363 0.16433
327 364 0.089186
328 437 0.064882
332 376 0.10862
333 378 0.023607
334 144 0.17483
335 382 0.010993
336 383 0.0088603
337 384 0.0082482
339 388 0.16775
340 389 0.032519
341 392 0.016873
342 393 0.036347
343 395 0.033581
344 396 0.04691
348 468 0.20294
349 468 0.18705
350 468 0.19107
351 468 0.11014
353 415 0.15866
358 424 0.045162
367 434 0.10095
369 439 0.039794
370 440 0.039042
372 450 0.034303
373 451 0.092806
374 452 0.043311
375 453 0.048318
378 458 0.043539
379 463 0.069651
380 464 0.078114
381 465 0.082219
382 468 0.15938
397 457 0.28937
399 428 0.13069
401 482 0.033186
403 486 0.080815
404 487 0.17485
406 441 0.23494
409 449 0.091979
414 493 0.16761
415 494 0.054911
416 497 0.028934
419 520 0.14394
421 498 0.048706
426 509 0.11126
442 544 0.28721
443 545 0.22561
449 530 0.093392
