164
16 8 0.016
27 16 0.03303
35 232 0.12375
39 36 0.040013
43 43 0.10252
53 49 0.052324
54 50 0.046362
58 58 0.0099781
59 61 0.053964
60 62 0.008531
68 266 0.051285
75 74 0.15836
77 75 0.028869
79 76 0.018977
81 77 0.079112
82 79 0.0092924
89 82 0.0086354
94 92 0.0076842
99 285 0.054859
102 95 0.017559
110 97 0.057001
113 101 0.038959
117 109 0.0065166
120 114 0.062794
121 113 0.10764
122 117 0.024164
125 257 0.24853
126 119 0.017924
129 123 0.17176
138 136 0.026777
142 138 0.018134
147 142 0.024031
148 143 0.014111
149 144 0.01236
154 339 0.18047
156 155 0.25431
157 458 0.5119
158 164 0.050134
164 176 0.16564
165 177 0.10796
167 186 0.0023481
170 51 0.030434
173 369 0.050178
176 200 0.029668
177 194 0.27193
179 198 0.043801
180 199 0.042833
184 191 0.033392
186 254 0.19833
187 214 0.094908
188 215 0.11129
194 385 0.17169
197 15 0.22025
202 228 0.033256
204 27 0.23682
206 30 0.17772
209 240 0.077899
210 241 0.091634
212 246 0.031308
213 42 0.10147
215 250 0.10644
225 273 0.27449
228 69 0.10649
229 267 0.13583
235 278 0.013484
244 284 0.13759
247 288 0.023097
251 287 0.29126
254 292 0.022635
258 295 0.28118
259 110 0.11891
260 296 0.26547
261 297 0.020009
264 303 0.064324
266 438 0.049581
268 308 0.26272
269 312 0.019673
271 322 0.067997
272 327 0.012466
273 333 0.036019
274 339 0.31207
281 340 0.016936
282 341 0.013566
291 51 0.067079
297 537 0.08395
299 207 0.28083
300 191 0.018463
304 191 0.024973
305 191 0.0095885
307 191 0.027594
310 51 0.034843
321 386 0.048049
332 392 0.053291
333 393 0.17825
339 396 0.02515
342 242 0.1756
343 243 0.081568
347 401 0.051674
350 402 0.02217
351 404 0.019862
352 630 0.066847
360 412 0.034409
366 422 0.19471
367 423 0.16971
368 291 0.10146
371 513 0.055691
372 431 0.014335
373 437 0.12575
374 317 0.097276
375 496 0.23577
377 446 0.014278
380 452 0.038474
381 451 0.11725
397 358 0.1442
398 52 0.021803
400 191 0.025718
401 462 0.072643
404 51 0.033318
408 386 0.085656
417 479 0.087118
418 482 0.062688
422 490 0.116
424 254 0.17918
428 493 0.013347
429 494 0.011545
430 496 0.0037068
433 498 0.0076572
436 546 0.27888
441 505 0.093411
443 506 0.020971
445 510 0.06551
446 511 0.040859
448 513 0.017609
449 514 0.019193
450 516 0.010535
452 520 0.011161
457 600 0.25986
458 451 0.16494
459 560 0.056765
465 527 0.037614
466 528 0.043226
470 191 0.020424
471 191 0.025447
474 474 0.12379
476 542 0.10764
486 382 0.30877
490 495 0.014976
491 544 0.045523
494 545 0.1009
498 547 0.10138
504 555 0.0087947
505 554 0.018358
520 571 0.29433
525 576 0.03889
529 577 0.044166
533 588 0.08739
536 592 0.20657
537 595 0.15144
542 601 0.21305
543 602 0.24752
545 608 0.10286
547 587 0.2341
562 626 0.026479
572 624 0.093605
