119
5 4 0.076895
6 5 0.071166
7 13 0.0097262
8 14 0.012449
9 15 0.015706
10 159 0.05799
14 165 0.066872
16 27 0.019312
19 28 0.07083
29 37 0.034073
36 42 0.048053
40 45 0.13032
52 266 0.18212
56 62 0.049425
59 65 0.025029
60 66 0.028752
63 67 0.037593
64 68 0.0078586
65 70 0.03433
66 75 0.040615
70 79 0.022494
71 80 0.015737
80 96 0.0075907
84 104 0.0061713
87 17 0.26066
89 114 0.01597
96 120 0.017504
102 132 0.054859
104 135 0.026271
106 81 0.42207
112 226 0.044878
113 227 0.041627
121 143 0.029548
126 146 0.029501
127 147 0.029401
138 149 0.01479
139 150 0.015511
154 153 0.17693
155 155 0.024905
156 232 0.053386
163 30 0.082544
164 31 0.077836
166 169 0.031506
171 172 0.10332
174 387 0.083083
175 50 0.17846
181 177 0.068701
182 180 0.074697
183 183 0.056302
184 186 0.05289
185 192 0.21139
186 193 0.11808
187 194 0.079941
190 313 0.2425
191 201 0.1294
195 204 0.011326
200 207 0.024587
201 208 0.07032
203 210 0.046245
204 76 0.067596
205 212 0.028356
206 213 0.017403
208 354 0.30353
211 216 0.022861
217 217 0.0093378
228 222 0.0051747
234 129 0.06197
235 130 0.062489
239 138 0.14902
260 230 0.020058
267 233 0.070479
269 236 0.036836
270 298 0.33181
276 243 0.023344
277 241 0.057579
281 251 0.033137
282 252 0.047456
287 258 0.093078
288 257 0.10803
289 310 0.14767
290 259 0.067436
291 260 0.037354
294 264 0.14798
296 267 0.0081587
297 269 0.021933
298 270 0.013267
308 282 0.027157
318 135 0.30976
355 295 0.015589
360 297 0.1286
369 299 0.034139
370 300 0.11944
372 302 0.071966
373 301 0.03725
379 312 0.012911
381 313 0.014754
385 317 0.048292
386 369 0.14043
390 324 0.018107
392 326 0.025761
393 350 0.32456
396 291 0.091599
399 375 0.11771
419 334 0.074468
423 303 0.17988
424 387 0.083359
428 362 0.057698
429 363 0.055053
435 349 0.11074
437 372 0.030305
451 361 0.02768
456 370 0.062828
465 361 0.091429
470 125 0.30658
471 375 0.17566
474 388 0.34421
476 284 0.18629
491 371 0.060769
502 142 0.19483
