1278
1 167 0.52683
2 758 0.49119
3 306 0.50864
4 1043 0.49169
5 180 0.3949
6 2 0.33187
7 530 0.34356
8 589 0.30049
9 502 0.44503
10 821 0.40293
11 1142 0.42826
12 601 0.44447
13 1017 0.46632
14 755 0.42332
15 1151 0.36114
16 735 0.20852
17 566 0.38379
18 228 0.4587
19 25 0.078085
20 109 0.41893
21 40 0.39883
22 725 0.36641
23 24 0.39491
24 706 0.39015
25 832 0.3376
26 56 0.48017
27 21 0.076712
28 635 0.43851
29 84 0.38929
30 46 0.40275
31 869 0.37657
32 170 0.41883
33 355 0.34917
34 22 0.24005
35 1191 0.38865
36 139 0.37836
37 358 0.24526
38 108 0.37016
39 28 0.030894
40 610 0.49276
41 1042 0.33611
42 378 0.36874
43 188 0.41963
44 1124 0.404
45 821 0.35365
46 99 0.43559
47 47 0.41806
48 1063 0.36309
49 31 0.053969
50 315 0.25516
51 657 0.27155
52 890 0.41723
53 524 0.38549
54 229 0.43757
55 203 0.45414
56 800 0.35466
57 973 0.47189
58 558 0.4187
59 36 0.057046
60 1077 0.39739
61 1209 0.37467
62 723 0.37773
63 725 0.38427
64 1066 0.31959
65 828 0.302
66 509 0.42483
67 171 0.46989
68 131 0.42161
69 448 0.35921
70 757 0.51246
71 86 0.45697
72 437 0.40426
73 37 0.38181
74 52 0.043655
75 568 0.41783
76 67 0.38614
77 22 0.43228
78 91 0.45654
79 816 0.32969
80 582 0.37574
81 987 0.26595
82 855 0.41747
83 70 0.36797
84 81 0.40849
85 611 0.40923
86 209 0.36333
87 91 0.38698
88 1261 0.4375
89 1089 0.38307
90 359 0.35624
91 62 0.0724
92 91 0.3972
93 92 0.38249
94 819 0.47125
95 1194 0.28195
96 75 0.055801
97 912 0.46328
98 117 0.44236
99 1256 0.41045
100 701 0.43611
101 565 0.41893
102 717 0.44634
103 86 0.41402
104 857 0.3713
105 234 0.41749
106 236 0.26083
107 880 0.44853
108 1063 0.38069
109 593 0.39235
110 78 0.064661
111 171 0.33848
112 785 0.42533
113 924 0.52582
114 652 0.37598
115 1017 0.3399
116 236 0.35827
117 609 0.32502
118 1162 0.38064
119 833 0.34705
120 834 0.2889
121 1126 0.38868
122 86 0.4828
123 978 0.45413
124 51 0.44169
125 92 0.43091
126 465 0.38317
127 465 0.45181
128 96 0.057456
129 1028 0.35178
130 834 0.41349
131 190 0.29789
132 106 0.029799
133 378 0.43274
134 991 0.39321
135 236 0.37637
136 530 0.41759
137 257 0.41275
138 105 0.14038
139 706 0.37705
140 208 0.37714
141 837 0.38469
142 122 0.41984
143 378 0.39372
144 22 0.37286
145 882 0.44492
146 164 0.36579
147 832 0.38166
148 595 0.36923
149 615 0.51548
150 601 0.31248
151 946 0.41095
152 770 0.40307
153 769 0.35417
154 988 0.3883
155 245 0.36867
156 833 0.41085
157 511 0.3272
158 771 0.38457
159 99 0.39847
160 734 0.36413
161 835 0.40705
162 10 0.44186
163 895 0.36018
164 1118 0.40449
165 292 0.41977
166 283 0.29022
167 1086 0.39328
168 581 0.43024
169 857 0.35889
170 871 0.32347
171 249 0.32958
172 22 0.38862
173 882 0.31807
174 112 0.38162
175 102 0.38783
176 389 0.36207
177 156 0.27284
178 634 0.39056
179 656 0.39902
180 82 0.30146
181 370 0.44693
182 623 0.4325
183 632 0.26752
184 828 0.39995
185 98 0.48736
186 146 0.036001
187 62 0.38099
188 303 0.38079
189 579 0.36723
190 154 0.091002
191 155 0.096007
192 860 0.32061
193 608 0.33951
194 268 0.42483
195 376 0.22579
196 82 0.49082
197 197 0.44273
198 1270 0.42191
199 841 0.30828
200 978 0.5009
201 560 0.40136
202 589 0.26568
203 569 0.33232
204 189 0.049664
205 204 0.44005
206 1284 0.37855
207 1127 0.41345
208 196 0.36397
209 209 0.15884
210 205 0.13424
211 159 0.32266
212 181 0.29303
213 860 0.29282
214 1286 0.53061
215 311 0.38169
216 306 0.45739
217 143 0.34596
218 236 0.44254
219 191 0.3745
220 632 0.36663
221 1128 0.3383
222 606 0.41616
223 890 0.31708
224 448 0.34149
225 353 0.33855
226 879 0.31967
227 496 0.37445
228 1019 0.26069
229 1018 0.26995
230 281 0.25052
231 278 0.30597
232 1196 0.44836
233 224 0.42327
234 206 0.38156
235 871 0.42455
236 244 0.028475
237 989 0.21063
238 460 0.6477
239 1017 0.31742
240 986 0.40057
241 1120 0.32536
242 1273 0.3179
243 661 0.25321
244 897 0.25072
245 806 0.30392
246 1133 0.2874
247 231 0.28458
248 260 0.21249
249 301 0.42745
250 995 0.16995
251 1181 0.46531
252 995 0.23971
253 1131 0.33595
254 165 0.4662
255 684 0.41443
256 274 0.28216
257 887 0.287
258 1092 0.25568
259 331 0.36521
260 262 0.014968
261 296 0.21571
262 1279 0.54074
263 896 0.2658
264 895 0.27555
265 410 0.40028
266 160 0.40573
267 153 0.37533
268 1151 0.43114
269 304 0.50544
270 223 0.33741
271 41 0.44348
272 1303 0.55245
273 258 0.28726
274 281 0.03098
275 984 0.40357
276 774 0.32796
277 284 0.10187
278 654 0.41968
279 1223 0.33707
280 1224 0.46158
281 813 0.365
282 284 0.012067
283 946 0.47684
284 46 0.45657
285 159 0.36091
286 1017 0.46554
287 576 0.48248
288 62 0.39415
289 297 0.01155
290 298 0.0093409
291 624 0.51557
292 975 0.403
293 759 0.45792
294 686 0.067054
295 1250 0.48486
296 812 0.34792
297 496 0.33407
298 305 0.05739
299 457 0.43778
300 978 0.45275
301 686 0.48286
302 1219 0.54531
303 1116 0.44435
304 542 0.3319
305 742 0.42321
306 1097 0.37356
307 488 0.45821
308 375 0.35926
309 1085 0.4044
310 60 0.43993
311 963 0.37158
312 325 0.077202
313 326 0.044437
314 342 0.30379
315 682 0.26763
316 723 0.45929
317 367 0.48158
318 1214 0.34952
319 654 0.31873
320 1296 0.40481
321 296 0.26712
322 818 0.43462
323 1097 0.39803
324 575 0.36629
325 363 0.46863
326 921 0.45248
327 920 0.41131
328 186 0.46107
329 574 0.40829
330 674 0.38834
331 719 0.40445
332 976 0.35885
333 354 0.0094069
334 359 0.32087
335 466 0.44706
336 467 0.43048
337 29 0.35874
338 1021 0.33176
339 1020 0.3475
340 357 0.046682
341 1078 0.40444
342 63 0.3687
343 132 0.34199
344 727 0.35488
345 117 0.37558
346 186 0.37159
347 24 0.42103
348 86 0.45124
349 85 0.49691
350 367 0.031634
351 827 0.36819
352 418 0.41728
353 956 0.40638
354 103 0.43578
355 240 0.38343
356 315 0.36053
357 835 0.32716
358 372 0.025544
359 373 0.094736
360 53 0.42807
361 770 0.51659
362 514 0.40596
363 531 0.48879
364 259 0.40907
365 791 0.45833
366 717 0.37827
367 218 0.45165
368 1120 0.33231
369 386 0.026802
370 387 0.044967
371 390 0.022527
372 439 0.52207
373 627 0.39443
374 585 0.40099
375 375 0.54094
376 392 0.098427
377 244 0.31345
378 392 0.033188
379 1042 0.49464
380 184 0.33671
381 881 0.48373
382 1293 0.40844
383 443 0.37164
384 737 0.33099
385 427 0.19238
386 395 0.29812
387 634 0.44539
388 646 0.49824
389 505 0.5051
390 396 0.029177
391 443 0.21532
392 117 0.37547
393 249 0.43048
394 539 0.40802
395 404 0.035639
396 1084 0.43524
397 635 0.3933
398 842 0.36741
399 342 0.41518
400 420 0.37555
401 528 0.34244
402 419 0.019241
403 427 0.15549
404 420 0.058576
405 421 0.11451
406 494 0.3672
407 424 0.36639
408 1126 0.34543
409 435 0.34971
410 1299 0.45255
411 300 0.28821
412 859 0.39964
413 141 0.37096
414 296 0.13184
415 420 0.27657
416 421 0.10558
417 546 0.30753
418 742 0.44894
419 327 0.47203
420 129 0.52353
421 1214 0.24752
422 494 0.24611
423 494 0.28947
424 986 0.38297
425 449 0.2759
426 457 0.42144
427 392 0.37021
428 263 0.4377
429 222 0.44941
430 221 0.46057
431 1211 0.28911
432 1099 0.35301
433 796 0.29397
434 597 0.39305
435 964 0.38806
436 1096 0.3969
437 484 0.089539
438 975 0.45299
439 296 0.328
440 392 0.082894
441 795 0.27569
442 1237 0.37831
443 51 0.48494
444 424 0.16893
445 495 0.35813
446 501 0.10416
447 544 0.46899
448 502 0.055455
449 1239 0.39296
450 1221 0.47972
451 1113 0.4787
452 296 0.16826
453 864 0.20987
454 543 0.36993
455 274 0.23782
456 787 0.36566
457 300 0.35967
458 904 0.31276
459 396 0.4416
460 859 0.43731
461 661 0.24899
462 283 0.29667
463 488 0.40532
464 1232 0.34073
465 160 0.33739
466 1307 0.47718
467 1228 0.50085
468 923 0.31857
469 245 0.34728
470 500 0.46584
471 639 0.3559
472 78 0.39893
473 1227 0.41864
474 196 0.364
475 558 0.35599
476 901 0.1995
477 282 0.30702
478 995 0.35055
479 1007 0.36328
480 341 0.27118
481 1149 0.35029
482 338 0.41616
483 722 0.37458
484 118 0.40877
485 541 0.35746
486 55 0.43244
487 56 0.41154
488 793 0.43843
489 1168 0.36936
490 1299 0.27476
491 867 0.42653
492 833 0.32989
493 277 0.39728
494 627 0.29142
495 369 0.33801
496 1264 0.41411
497 546 0.32929
498 995 0.23417
499 1229 0.36767
500 1201 0.32664
501 522 0.45042
502 805 0.534
503 680 0.36866
504 542 0.37751
505 292 0.45481
506 995 0.20648
507 472 0.50965
508 166 0.44337
509 61 0.48049
510 540 0.3606
511 849 0.45196
512 613 0.30623
513 8 0.34298
514 1280 0.39865
515 880 0.32463
516 163 0.42421
517 110 0.4162
518 536 0.42144
519 797 0.4811
520 770 0.46622
521 1011 0.3707
522 962 0.38013
523 1065 0.32487
524 1051 0.33057
525 1270 0.41466
526 1089 0.43637
527 1124 0.41259
528 560 0.023446
529 558 0.047371
530 780 0.24867
531 242 0.51335
532 723 0.46878
533 647 0.3824
534 1129 0.35575
535 210 0.32345
536 886 0.31511
537 561 0.029974
538 832 0.39816
539 1037 0.42856
540 895 0.36109
541 211 0.38316
542 212 0.34383
543 570 0.029386
544 478 0.3723
545 73 0.45383
546 24 0.29963
547 1065 0.2634
548 189 0.38655
549 578 0.36027
550 140 0.41089
551 132 0.44986
552 121 0.39113
553 577 0.028277
554 60 0.30718
555 1016 0.42807
556 38 0.45348
557 1078 0.4093
558 574 0.065348
559 1117 0.34996
560 1113 0.30804
561 1114 0.32166
562 19 0.39663
563 269 0.3838
564 98 0.05825
565 99 0.073963
566 145 0.31858
567 728 0.27647
568 102 0.48234
569 791 0.34057
570 82 0.36832
571 849 0.38123
572 624 0.38573
573 639 0.3633
574 472 0.30768
575 849 0.32468
576 327 0.4309
577 1104 0.41308
578 78 0.45241
579 270 0.38374
580 1175 0.46909
581 230 0.35842
582 471 0.35202
583 264 0.3571
584 851 0.37544
585 617 0.38676
586 494 0.37089
587 650 0.3099
588 717 0.35923
589 1227 0.36612
590 464 0.51968
591 141 0.32578
592 1129 0.37103
593 776 0.33494
594 915 0.51498
595 1049 0.2907
596 1245 0.24449
597 918 0.47506
598 609 0.015813
599 326 0.3816
600 440 0.44588
601 599 0.46282
602 613 0.046291
603 191 0.39239
604 781 0.44242
605 818 0.42821
606 1287 0.47748
607 22 0.41311
608 1237 0.34945
609 530 0.39389
610 236 0.44816
611 1029 0.48355
612 618 0.075539
613 652 0.33078
614 1011 0.38969
615 246 0.32869
616 1028 0.29725
617 496 0.36935
618 871 0.26394
619 879 0.36476
620 1107 0.40628
621 701 0.34463
622 188 0.21057
623 652 0.25875
624 636 0.34315
625 1018 0.50278
626 124 0.34754
627 872 0.34739
628 1245 0.29416
629 568 0.35743
630 887 0.37765
631 1091 0.31034
632 189 0.35847
633 1128 0.20149
634 889 0.27471
635 888 0.24855
636 169 0.34321
637 274 0.34053
638 1033 0.20401
639 656 0.36895
640 910 0.35179
641 1110 0.32761
642 183 0.32837
643 359 0.33209
644 1266 0.30049
645 296 0.17215
646 258 0.34089
647 844 0.29183
648 1120 0.33759
649 1034 0.27885
650 747 0.5571
651 369 0.38222
652 1137 0.35128
653 782 0.36796
654 762 0.18618
655 1139 0.4238
656 771 0.40075
657 829 0.4526
658 487 0.53033
659 73 0.3682
660 710 0.41773
661 602 0.4813
662 1297 0.31639
663 1155 0.50161
664 299 0.10511
665 777 0.57
666 283 0.31995
667 911 0.18963
668 632 0.38072
669 618 0.38219
670 988 0.3975
671 521 0.45079
672 208 0.35452
673 1019 0.38321
674 710 0.40878
675 697 0.039243
676 897 0.36888
677 710 0.4262
678 334 0.45538
679 967 0.34018
680 860 0.33813
681 821 0.35392
682 14 0.4569
683 64 0.43119
684 1045 0.38199
685 1042 0.37955
686 1208 0.4183
687 466 0.41352
688 625 0.39647
689 400 0.47984
690 200 0.43083
691 369 0.42679
692 707 0.014508
693 171 0.36292
694 296 0.4589
695 507 0.41258
696 1243 0.39742
697 463 0.36336
698 1235 0.3017
699 1236 0.43866
700 599 0.30983
701 129 0.47618
702 51 0.3816
703 50 0.4262
704 230 0.30678
705 938 0.38457
706 69 0.45058
707 549 0.39142
708 1150 0.47016
709 513 0.34406
710 908 0.46379
711 328 0.29757
712 1077 0.39416
713 1110 0.45941
714 376 0.29185
715 727 0.01325
716 258 0.30144
717 745 0.44107
718 338 0.36086
719 354 0.24261
720 740 0.016279
721 990 0.44099
722 359 0.32001
723 745 0.015272
724 798 0.33659
725 747 0.054883
726 354 0.3726
727 841 0.39619
728 184 0.32507
729 490 0.36119
730 1044 0.36076
731 260 0.26761
732 522 0.65239
733 1153 0.5952
734 895 0.38078
735 224 0.47962
736 778 0.052265
737 175 0.4759
738 972 0.50149
739 774 0.03391
740 775 0.13292
741 1127 0.47489
742 794 0.026036
743 452 0.35573
744 795 0.36851
745 796 0.12384
746 1287 0.50229
747 979 0.42
748 757 0.32853
749 649 0.31991
750 995 0.31642
751 545 0.4296
752 1016 0.43346
753 547 0.13374
754 976 0.39736
755 900 0.15775
756 370 0.4891
757 547 0.34946
758 1034 0.17729
759 549 0.51774
760 988 0.39001
761 812 0.37507
762 292 0.40503
763 764 0.24973
764 379 0.37401
765 1298 0.28006
766 1221 0.41763
767 1220 0.40384
768 996 0.24695
769 663 0.1503
770 22 0.44486
771 968 0.3705
772 897 0.27897
773 260 0.28058
774 996 0.3517
775 897 0.31566
776 1149 0.44265
777 258 0.35055
778 995 0.25592
779 288 0.25757
780 274 0.19152
781 321 0.42744
782 316 0.36193
783 1034 0.33632
784 1045 0.34002
785 252 0.37321
786 811 0.24369
787 1227 0.42939
788 1110 0.28894
789 296 0.2923
790 373 0.31363
791 995 0.12568
792 791 0.48987
793 813 0.064778
794 101 0.41011
795 814 0.046624
796 672 0.31728
797 658 0.3673
798 825 0.18225
799 973 0.38914
800 561 0.3158
801 400 0.39294
802 552 0.53304
803 580 0.37555
804 153 0.31141
805 529 0.39329
806 45 0.40096
807 44 0.36071
808 835 0.013135
809 643 0.37044
810 61 0.46118
811 1234 0.45337
812 842 0.019572
813 661 0.3816
814 113 0.28422
815 1014 0.3926
816 222 0.46227
817 210 0.38383
818 1156 0.34401
819 8 0.35338
820 637 0.30452
821 388 0.35413
822 327 0.43403
823 645 0.28202
824 757 0.45165
825 440 0.36549
826 1270 0.38865
827 609 0.42424
828 648 0.31267
829 112 0.54099
830 1120 0.38489
831 141 0.393
832 221 0.44848
833 1018 0.36482
834 180 0.28095
835 871 0.26112
836 860 0.02882
837 849 0.41619
838 411 0.2842
839 571 0.44385
840 179 0.35272
841 844 0.21981
842 873 0.035994
843 561 0.47806
844 647 0.26081
845 672 0.27877
846 871 0.059487
847 186 0.44267
848 875 0.058104
849 1245 0.39523
850 1280 0.37578
851 1225 0.4396
852 1130 0.40685
853 597 0.41327
854 255 0.37495
855 894 0.35347
856 884 0.028463
857 378 0.34212
858 1195 0.26552
859 721 0.36385
860 896 0.39046
861 890 0.32096
862 871 0.2973
863 283 0.3305
864 378 0.33984
865 1201 0.49513
866 1007 0.45087
867 352 0.29633
868 721 0.32157
869 264 0.244
870 893 0.25083
871 1032 0.29002
872 259 0.29651
873 179 0.34257
874 901 0.15319
875 664 0.39714
876 950 0.44635
877 408 0.48162
878 971 0.59919
879 937 0.46154
880 1297 0.34716
881 1208 0.33715
882 486 0.41713
883 868 0.34185
884 1300 0.53892
885 141 0.48505
886 1157 0.4372
887 336 0.45526
888 1295 0.29801
889 397 0.49657
890 36 0.42809
891 965 0.37491
892 1050 0.41778
893 81 0.38479
894 936 0.50343
895 955 0.45737
896 1297 0.36215
897 934 0.25905
898 202 0.45619
899 667 0.5182
900 1234 0.40529
901 1303 0.43465
902 921 0.43916
903 920 0.47316
904 1085 0.40495
905 928 0.011083
906 1146 0.46902
907 336 0.40247
908 580 0.4389
909 1299 0.39707
910 342 0.45581
911 320 0.40765
912 352 0.26806
913 930 0.16221
914 389 0.34157
915 298 0.41659
916 267 0.47403
917 501 0.29825
918 253 0.43703
919 478 0.50671
920 939 0.0087595
921 160 0.43885
922 624 0.42168
923 595 0.40597
924 995 0.49997
925 945 0.026429
926 1007 0.37072
927 663 0.21124
928 957 0.037541
929 958 0.051053
930 956 0.013486
931 954 0.016414
932 1215 0.38333
933 961 0.0097969
934 978 0.58135
935 832 0.42378
936 762 0.15134
937 720 0.55992
938 61 0.54815
939 449 0.22712
940 135 0.38446
941 82 0.33056
942 1047 0.42272
943 197 0.39026
944 771 0.1434
945 875 0.46276
946 896 0.282
947 871 0.313
948 995 0.24086
949 1150 0.43693
950 1014 0.43549
951 721 0.36985
952 547 0.23933
953 858 0.32287
954 900 0.16116
955 260 0.42895
956 240 0.39361
957 900 0.087355
958 1214 0.42093
959 546 0.38649
960 65 0.44862
961 1199 0.35882
962 1299 0.17032
963 296 0.13596
964 764 0.21895
965 764 0.4167
966 316 0.41105
967 549 0.3977
968 667 0.37875
969 1034 0.1706
970 260 0.29566
971 258 0.36771
972 722 0.3614
973 685 0.33834
974 1074 0.35091
975 296 0.34394
976 811 0.29835
977 995 0.36287
978 1045 0.53417
979 722 0.29447
980 995 0.22926
981 299 0.41673
982 900 0.21062
983 1007 0.38892
984 664 0.51183
985 1111 0.12957
986 1072 0.38669
987 307 0.43373
988 494 0.44648
989 171 0.28664
990 7 0.38205
991 1001 0.017171
992 609 0.44967
993 30 0.34657
994 564 0.4289
995 40 0.40873
996 1022 0.34914
997 448 0.41119
998 717 0.47543
999 880 0.42575
1000 1134 0.37006
1001 256 0.43229
1002 259 0.37372
1003 205 0.30512
1004 904 0.31043
1005 903 0.35211
1006 744 0.35724
1007 834 0.33853
1008 143 0.36472
1009 124 0.30996
1010 197 0.31539
1011 211 0.40507
1012 640 0.32992
1013 1024 0.010837
1014 839 0.26388
1015 617 0.38135
1016 98 0.47981
1017 857 0.3468
1018 895 0.2998
1019 661 0.28979
1020 632 0.31153
1021 634 0.46322
1022 435 0.42582
1023 1127 0.37232
1024 308 0.41358
1025 1292 0.30991
1026 938 0.32124
1027 478 0.3812
1028 253 0.49917
1029 203 0.45947
1030 411 0.34791
1031 395 0.36233
1032 459 0.34598
1033 1307 0.4822
1034 1298 0.34119
1035 1152 0.44435
1036 793 0.44581
1037 659 0.19493
1038 330 0.54267
1039 858 0.31552
1040 935 0.35793
1041 705 0.5116
1042 769 0.45459
1043 823 0.41003
1044 1039 0.016487
1045 108 0.50326
1046 498 0.54024
1047 268 0.41756
1048 1045 0.011101
1049 1046 0.013474
1050 152 0.33116
1051 539 0.3813
1052 1168 0.46855
1053 609 0.39348
1054 342 0.36703
1055 1061 0.068044
1056 356 0.41625
1057 524 0.43019
1058 551 0.42187
1059 201 0.48329
1060 1075 0.019663
1061 1079 0.23925
1062 542 0.35015
1063 751 0.32804
1064 457 0.62779
1065 995 0.15146
1066 1137 0.15772
1067 966 0.16627
1068 967 0.16682
1069 1249 0.5078
1070 995 0.14335
1071 296 0.19528
1072 316 0.36008
1073 722 0.28764
1074 764 0.18051
1075 900 0.35832
1076 901 0.24734
1077 296 0.22174
1078 900 0.22735
1079 900 0.19548
1080 1137 0.21011
1081 726 0.33005
1082 900 0.28134
1083 560 0.30345
1084 995 0.21134
1085 296 0.18636
1086 288 0.53784
1087 281 0.34213
1088 260 0.25551
1089 328 0.3562
1090 834 0.34287
1091 227 0.50162
1092 834 0.37972
1093 1051 0.32645
1094 1018 0.39847
1095 609 0.26083
1096 1002 0.48746
1097 922 0.48344
1098 1120 0.39169
1099 728 0.4067
1100 1121 0.17116
1101 440 0.37393
1102 574 0.3893
1103 1122 0.025451
1104 160 0.37944
1105 99 0.28497
1106 98 0.38343
1107 1125 0.039439
1108 1111 0.55819
1109 1001 0.40222
1110 184 0.247
1111 1031 0.45056
1112 463 0.34081
1113 1127 0.011768
1114 22 0.38358
1115 1128 0.054825
1116 1129 0.053228
1117 67 0.35943
1118 921 0.4466
1119 1047 0.34603
1120 864 0.31979
1121 421 0.46774
1122 682 0.25716
1123 1137 0.016637
1124 685 0.3532
1125 1288 0.49635
1126 1085 0.59434
1127 1106 0.64504
1128 514 0.64036
1129 858 0.31358
1130 948 0.48457
1131 1059 0.58075
1132 375 0.47034
1133 532 0.58896
1134 1140 0.034512
1135 772 0.43489
1136 1142 0.17761
1137 1142 0.053546
1138 806 0.40004
1139 639 0.46484
1140 349 0.48274
1141 17 0.37074
1142 637 0.34325
1143 63 0.43429
1144 1148 0.083225
1145 1261 0.50917
1146 365 0.48128
1147 1150 0.036528
1148 304 0.49816
1149 1268 0.51476
1150 1151 0.005946
1151 645 0.36685
1152 419 0.37142
1153 1161 0.0087906
1154 767 0.39325
1155 1153 0.56202
1156 336 0.56656
1157 1137 0.17393
1158 296 0.28117
1159 316 0.21438
1160 539 0.33579
1161 722 0.39572
1162 692 0.38529
1163 260 0.27259
1164 968 0.31333
1165 1299 0.26973
1166 900 0.20453
1167 1234 0.4725
1168 543 0.49651
1169 316 0.35615
1170 1264 0.27978
1171 414 0.55261
1172 995 0.23847
1173 282 0.24617
1174 1297 0.3285
1175 897 0.36822
1176 165 0.4085
1177 1128 0.33607
1178 1225 0.40054
1179 164 0.40784
1180 889 0.35075
1181 146 0.39228
1182 1193 0.014491
1183 1194 0.013505
1184 1195 0.067524
1185 897 0.26975
1186 171 0.40995
1187 1137 0.14878
1188 1137 0.093353
1189 934 0.48531
1190 764 0.29472
1191 1202 0.018391
1192 322 0.30353
1193 1205 0.024884
1194 1206 0.11721
1195 1207 0.02037
1196 528 0.37991
1197 1168 0.40804
1198 244 0.278
1199 639 0.42851
1200 1210 0.0091388
1201 259 0.28407
1202 1079 0.4581
1203 1214 0.0066718
1204 129 0.45678
1205 1008 0.60108
1206 1034 0.10684
1207 1034 0.11767
1208 1192 0.42821
1209 333 0.45843
1210 237 0.33915
1211 722 0.29125
1212 260 0.32387
1213 995 0.11587
1214 1222 0.45444
1215 200 0.35408
1216 1246 0.02648
1217 162 0.31467
1218 705 0.50475
1219 811 0.47361
1220 296 0.35464
1221 1158 0.42041
1222 1252 0.023866
1223 1262 0.34501
1224 226 0.47548
1225 1256 0.0082019
1226 1214 0.064407
1227 261 0.41751
1228 1067 0.35789
1229 1034 0.12618
1230 901 0.18743
1231 410 0.29917
1232 1211 0.40482
1233 1267 0.35476
1234 658 0.45598
1235 333 0.3521
1236 359 0.45621
1237 1286 0.2631
1238 836 0.37371
1239 521 0.36658
1240 893 0.29921
1241 647 0.36404
1242 311 0.40788
1243 659 0.32321
1244 354 0.49017
1245 242 0.25722
1246 1202 0.2796
1247 1041 0.51244
1248 596 0.33182
1249 864 0.35717
1250 299 0.52639
1251 722 0.27308
1252 282 0.32394
1253 281 0.4565
1254 1284 0.31408
1255 1285 0.25573
1256 1262 0.26451
1257 410 0.34031
1258 972 0.63554
1259 410 0.1986
1260 1247 0.19308
1261 1230 0.40533
1262 1262 0.32721
1263 320 0.38764
1264 1262 0.25265
1265 901 0.27752
1266 278 0.26905
1267 1307 0.38792
1268 1214 0.49553
1269 1237 0.51903
1270 1300 0.10061
1271 904 0.31733
1272 1007 0.40446
1273 24 0.44632
1274 1305 0.041599
1275 316 0.33287
1276 539 0.24992
1277 1214 0.30043
1278 1096 0.2768
