1417
1 624 0.39875
2 394 0.42106
3 484 0.42613
4 180 0.28031
5 212 0.34981
6 245 0.3793
7 99 0.44716
8 606 0.34312
9 1221 0.45258
10 44 0.46282
11 411 0.46699
12 1095 0.47814
13 256 0.25646
14 839 0.49949
15 90 0.38214
16 655 0.50679
17 74 0.33679
18 19 0.032689
19 166 0.43959
20 46 0.44704
21 495 0.476
22 573 0.46146
23 253 0.38981
24 1203 0.39466
25 775 0.48137
26 1008 0.37331
27 18 0.37126
28 492 0.2731
29 492 0.19788
30 21 0.27347
31 22 0.038891
32 1062 0.35894
33 1205 0.34863
34 1062 0.43144
35 871 0.51867
36 140 0.41926
37 23 0.35841
38 556 0.36321
39 442 0.37943
40 102 0.35676
41 400 0.34732
42 548 0.50855
43 740 0.30867
44 940 0.36261
45 36 0.070743
46 109 0.50848
47 228 0.4062
48 19 0.4153
49 1189 0.39479
50 505 0.40688
51 798 0.5204
52 952 0.39122
53 381 0.43081
54 816 0.44143
55 1106 0.3531
56 317 0.4504
57 1131 0.36463
58 1135 0.47013
59 308 0.43188
60 1144 0.45041
61 336 0.36272
62 742 0.41846
63 765 0.4542
64 1068 0.54222
65 1122 0.43915
66 307 0.57943
67 557 0.40224
68 231 0.36478
69 143 0.38105
70 167 0.36463
71 501 0.30865
72 862 0.35971
73 533 0.44849
74 941 0.41273
75 50 0.042884
76 1068 0.43996
77 64 0.025934
78 101 0.26923
79 451 0.33105
80 533 0.33525
81 59 0.050686
82 1122 0.43427
83 78 0.50882
84 491 0.33785
85 87 0.41471
86 1063 0.31422
87 900 0.34085
88 77 0.021269
89 78 0.023468
90 451 0.37879
91 129 0.37399
92 694 0.4773
93 963 0.4323
94 494 0.41049
95 1181 0.39384
96 88 0.032436
97 944 0.20659
98 625 0.35923
99 756 0.36602
100 178 0.39634
101 333 0.42458
102 110 0.38713
103 512 0.40698
104 76 0.45094
105 62 0.48637
106 619 0.51487
107 152 0.35584
108 1093 0.40561
109 207 0.33068
110 865 0.39701
111 861 0.36034
112 124 0.35912
113 522 0.33799
114 770 0.36322
115 798 0.46432
116 143 0.58181
117 492 0.33661
118 943 0.40745
119 41 0.41996
120 182 0.41936
121 485 0.39071
122 1232 0.26886
123 876 0.40473
124 832 0.35744
125 1008 0.4127
126 218 0.39907
127 1127 0.24379
128 195 0.27914
129 1036 0.37468
130 131 0.02297
131 256 0.39843
132 1106 0.34821
133 807 0.36776
134 234 0.34964
135 1127 0.36393
136 49 0.48679
137 710 0.35264
138 8 0.29751
139 1071 0.41417
140 137 0.036244
141 893 0.36251
142 494 0.36037
143 108 0.24584
144 382 0.38307
145 55 0.35722
146 563 0.43012
147 144 0.040911
148 145 0.045931
149 493 0.50073
150 50 0.44988
151 674 0.34752
152 271 0.45284
153 192 0.45039
154 167 0.34585
155 167 0.35976
156 791 0.33401
157 151 0.046229
158 152 0.033725
159 178 0.32993
160 160 0.059508
161 513 0.32357
162 1071 0.46024
163 163 0.046248
164 164 0.047238
165 569 0.35496
166 521 0.37088
167 535 0.42249
168 604 0.34762
169 527 0.38663
170 307 0.32809
171 7 0.40566
172 262 0.32688
173 325 0.46048
174 803 0.42972
175 1038 0.34536
176 178 0.058537
177 71 0.34511
178 1004 0.34392
179 1041 0.44138
180 505 0.43952
181 192 0.39348
182 506 0.36771
183 157 0.37537
184 190 0.034205
185 191 0.073633
186 1186 0.43557
187 829 0.35078
188 792 0.43277
189 753 0.41408
190 5 0.41102
191 90 0.38556
192 487 0.47968
193 385 0.49175
194 621 0.24749
195 19 0.35917
196 603 0.29904
197 946 0.43585
198 579 0.49722
199 1233 0.362
200 871 0.48932
201 549 0.26552
202 1066 0.29689
203 778 0.32552
204 534 0.33534
205 17 0.34157
206 284 0.30325
207 777 0.30473
208 207 0.016968
209 323 0.42767
210 1187 0.32344
211 540 0.31407
212 141 0.39857
213 1103 0.39657
214 380 0.42553
215 155 0.40667
216 190 0.37512
217 616 0.36501
218 384 0.36795
219 1066 0.29145
220 806 0.29521
221 807 0.30248
222 1128 0.27305
223 200 0.29476
224 1066 0.30012
225 1065 0.3352
226 786 0.22273
227 143 0.42556
228 563 0.27574
229 280 0.35873
230 835 0.41482
231 642 0.32788
232 192 0.27885
233 1075 0.34184
234 234 0.42444
235 558 0.4212
236 137 0.42663
237 776 0.28628
238 587 0.29129
239 223 0.2036
240 188 0.42061
241 939 0.41837
242 970 0.16231
243 216 0.42481
244 1235 0.30937
245 813 0.24583
246 572 0.20565
247 233 0.24094
248 234 0.15757
249 166 0.47725
250 776 0.27754
251 1059 0.31848
252 236 0.16027
253 237 0.064513
254 1188 0.36334
255 210 0.38952
256 651 0.31713
257 976 0.099415
258 813 0.12759
259 599 0.14114
260 547 0.35003
261 165 0.46512
262 1169 0.29121
263 242 0.25754
264 398 0.29656
265 599 0.076511
266 676 0.29776
267 722 0.25316
268 976 0.16049
269 821 0.20272
270 813 0.29441
271 869 0.42063
272 870 0.33707
273 976 0.17148
274 278 0.013919
275 1245 0.35436
276 230 0.22227
277 256 0.47618
278 820 0.26537
279 1180 0.56823
280 666 0.43031
281 157 0.44346
282 158 0.41863
283 274 0.46142
284 51 0.4654
285 168 0.37186
286 74 0.40194
287 579 0.44235
288 84 0.42004
289 818 0.14946
290 158 0.42224
291 492 0.36871
292 106 0.42878
293 794 0.4104
294 637 0.35988
295 302 0.50241
296 218 0.53001
297 119 0.48237
298 254 0.32362
299 1155 0.41924
300 248 0.47399
301 418 0.39351
302 591 0.38361
303 302 0.016954
304 964 0.45545
305 856 0.40534
306 80 0.42026
307 308 0.39296
308 1214 0.43813
309 1124 0.51808
310 15 0.48944
311 1159 0.43742
312 316 0.37847
313 1102 0.49633
314 311 0.006123
315 312 0.0041406
316 313 0.0075692
317 314 0.024859
318 997 0.33279
319 317 0.046214
320 1147 0.42684
321 323 0.03919
322 862 0.49222
323 637 0.50097
324 871 0.41614
325 634 0.41981
326 327 0.013192
327 674 0.41268
328 407 0.33534
329 843 0.43841
330 335 0.012414
331 956 0.54564
332 143 0.39536
333 86 0.31049
334 602 0.43488
335 344 0.009451
336 405 0.41401
337 488 0.32598
338 857 0.50817
339 984 0.30168
340 354 0.022295
341 894 0.40129
342 357 0.0035972
343 701 0.45464
344 922 0.45248
345 806 0.38463
346 1074 0.34088
347 1038 0.38849
348 319 0.43767
349 321 0.39703
350 862 0.47848
351 57 0.43995
352 1032 0.2401
353 925 0.3653
354 799 0.4348
355 368 0.0068479
356 1088 0.39993
357 1180 0.3806
358 854 0.3716
359 1071 0.3583
360 551 0.35222
361 143 0.45723
362 634 0.39415
363 1218 0.35703
364 50 0.32933
365 384 0.29516
366 324 0.41925
367 435 0.3463
368 333 0.39011
369 492 0.3092
370 812 0.35257
371 152 0.51905
372 674 0.46311
373 641 0.49505
374 676 0.4747
375 671 0.062296
376 672 0.075478
377 729 0.40949
378 1019 0.42817
379 495 0.55652
380 823 0.34131
381 595 0.32753
382 401 0.029068
383 662 0.44267
384 884 0.43426
385 885 0.41626
386 403 0.020799
387 1242 0.50721
388 883 0.39727
389 1222 0.3003
390 248 0.36367
391 500 0.58014
392 1225 0.51243
393 800 0.45478
394 371 0.44312
395 503 0.35713
396 215 0.477
397 424 0.44898
398 276 0.32215
399 1102 0.52389
400 437 0.27576
401 423 0.27059
402 239 0.29468
403 756 0.38669
404 381 0.41954
405 1083 0.31458
406 1042 0.30942
407 1195 0.43155
408 689 0.012104
409 993 0.47114
410 1034 0.22948
411 522 0.4846
412 428 0.22669
413 878 0.60366
414 450 0.39558
415 947 0.36438
416 732 0.34227
417 936 0.38879
418 371 0.40448
419 1093 0.41513
420 415 0.013501
421 883 0.43206
422 456 0.22762
423 628 0.57317
424 418 0.057574
425 430 0.21316
426 443 0.14465
427 1047 0.1064
428 1060 0.38672
429 85 0.51125
430 383 0.45343
431 384 0.35495
432 607 0.11881
433 1196 0.40949
434 475 0.27422
435 434 0.049177
436 896 0.30686
437 1021 0.56522
438 430 0.082601
439 689 0.062346
440 711 0.014899
441 1019 0.39553
442 689 0.03806
443 992 0.91289
444 456 0.24746
445 947 0.46748
446 689 0.035017
447 444 0.0081738
448 980 0.3381
449 709 0.10601
450 444 0.016065
451 478 0.26707
452 250 0.62901
453 437 0.19288
454 426 0.39009
455 443 0.14529
456 444 0.0046737
457 449 0.023304
458 1248 0.63748
459 430 0.15613
460 431 0.12072
461 1196 0.50155
462 444 0.043882
463 711 0.036991
464 444 0.041173
465 711 0.024573
466 430 0.37712
467 701 0.36082
468 914 0.19506
469 731 0.1799
470 270 0.76908
471 444 0.034513
472 722 0.53371
473 193 0.48504
474 1203 0.55969
475 1095 0.51221
476 324 0.355
477 444 0.03956
478 916 0.17988
479 721 0.14976
480 456 0.12719
481 444 0.029874
482 535 0.42951
483 319 0.3437
484 320 0.43973
485 36 0.48523
486 285 0.39423
487 169 0.37854
488 1082 0.45446
489 443 0.07376
490 490 0.38153
491 911 0.43764
492 627 0.43202
493 1167 0.56147
494 1049 0.4716
495 711 0.029198
496 516 0.42781
497 19 0.43038
498 711 0.031158
499 489 0.44297
500 339 0.15853
501 1047 0.14348
502 1119 0.1136
503 1119 0.13879
504 1119 0.12667
505 478 0.0050241
506 164 0.37124
507 195 0.38302
508 488 0.4922
509 546 0.49026
510 497 0.45521
511 482 0.17786
512 714 0.080791
513 482 0.1946
514 194 0.29384
515 451 0.39126
516 212 0.30738
517 757 0.41385
518 3 0.34028
519 302 0.43747
520 536 0.43905
521 490 0.090446
522 492 0.016887
523 492 0.21377
524 489 0.047647
525 49 0.37734
526 383 0.35619
527 51 0.37378
528 709 0.45665
529 508 0.43453
530 496 0.38786
531 290 0.42684
532 279 0.347
533 620 0.38541
534 1013 0.30641
535 296 0.38859
536 950 0.41136
537 192 0.31596
538 377 0.4337
539 913 0.49441
540 498 0.34905
541 904 0.48171
542 496 0.04163
543 497 0.020533
544 411 0.345
545 260 0.35573
546 195 0.39402
547 391 0.32903
548 70 0.48029
549 1161 0.38112
550 751 0.45422
551 285 0.44037
552 950 0.32979
553 109 0.37979
554 1234 0.44133
555 1102 0.34452
556 490 0.35101
557 860 0.46665
558 922 0.44653
559 147 0.52501
560 626 0.45964
561 504 0.042833
562 505 0.059741
563 28 0.25493
564 1092 0.36064
565 281 0.39329
566 74 0.10367
567 212 0.31959
568 76 0.072523
569 517 0.35026
570 1102 0.42601
571 378 0.39779
572 588 0.37684
573 234 0.45459
574 82 0.40426
575 516 0.031025
576 517 0.014686
577 761 0.051109
578 168 0.313
579 91 0.077684
580 816 0.40444
581 836 0.38235
582 380 0.42476
583 185 0.40452
584 936 0.47725
585 694 0.40831
586 522 0.016722
587 507 0.40618
588 531 0.00854
589 947 0.4777
590 352 0.49227
591 694 0.33089
592 50 0.48851
593 1040 0.37723
594 1115 0.23642
595 868 0.45367
596 502 0.44549
597 799 0.45353
598 1064 0.41109
599 941 0.55173
600 37 0.33084
601 694 0.34873
602 124 0.40605
603 540 0.041575
604 176 0.40739
605 74 0.37852
606 749 0.38618
607 128 0.47845
608 489 0.45465
609 777 0.36057
610 220 0.36644
611 1134 0.46553
612 1135 0.42515
613 146 0.039267
614 147 0.078188
615 501 0.36166
616 799 0.37315
617 595 0.31314
618 1219 0.45939
619 924 0.37937
620 620 0.45002
621 760 0.4159
622 227 0.34185
623 564 0.0063495
624 60 0.34966
625 972 0.41815
626 936 0.419
627 940 0.37401
628 1067 0.37121
629 563 0.42243
630 568 0.03367
631 396 0.2941
632 811 0.35901
633 124 0.32156
634 778 0.33125
635 1029 0.38414
636 208 0.071185
637 572 0.0059141
638 576 0.0068018
639 577 0.0093481
640 815 0.37921
641 558 0.35449
642 816 0.37629
643 861 0.3471
644 814 0.4205
645 223 0.33594
646 547 0.36212
647 548 0.31237
648 1165 0.38871
649 598 0.33806
650 566 0.31189
651 583 0.018529
652 1235 0.43347
653 61 0.31757
654 924 0.41353
655 202 0.30655
656 587 0.009799
657 588 0.008467
658 580 0.24557
659 818 0.14008
660 591 0.01004
661 818 0.23061
662 1032 0.15452
663 953 0.3776
664 705 0.39472
665 813 0.17178
666 658 0.17259
667 437 0.29316
668 72 0.421
669 246 0.49662
670 604 0.031116
671 976 0.13394
672 562 0.28655
673 817 0.11343
674 607 0.0041948
675 1220 0.3562
676 128 0.3968
677 1106 0.23253
678 1031 0.30975
679 1098 0.42581
680 291 0.050504
681 927 0.50983
682 928 0.58728
683 1051 0.33163
684 415 0.45071
685 428 0.43625
686 506 0.37228
687 158 0.48788
688 141 0.29704
689 734 0.46378
690 1186 0.44086
691 616 0.015153
692 617 0.013151
693 940 0.34559
694 211 0.29497
695 194 0.37295
696 1007 0.45204
697 1192 0.36322
698 284 0.38859
699 1100 0.43302
700 976 0.29336
701 831 0.41476
702 626 0.0058296
703 627 0.0047444
704 1116 0.72361
705 440 0.40852
706 544 0.54578
707 402 0.38209
708 86 0.35063
709 494 0.44522
710 535 0.44044
711 76 0.61226
712 59 0.55294
713 599 0.37939
714 648 0.44288
715 667 0.4168
716 248 0.36434
717 1068 0.45512
718 1203 0.39066
719 550 0.49056
720 859 0.58002
721 915 0.46143
722 27 0.52819
723 17 0.48033
724 201 0.43075
725 643 0.01949
726 984 0.35675
727 1008 0.33666
728 465 0.38838
729 651 0.0054376
730 648 0.011079
731 985 0.39418
732 777 0.2724
733 191 0.52054
734 1134 0.50567
735 426 0.37717
736 167 0.49682
737 196 0.58812
738 884 0.4154
739 826 0.34527
740 1176 0.4015
741 68 0.44164
742 409 0.45211
743 846 0.32962
744 218 0.51565
745 498 0.33834
746 310 0.40948
747 430 0.44272
748 18 0.34891
749 1063 0.47853
750 268 0.48717
751 630 0.31595
752 753 0.33447
753 656 0.42598
754 860 0.42425
755 112 0.51026
756 826 0.46594
757 397 0.032593
758 296 0.55206
759 964 0.3918
760 59 0.54547
761 916 0.3587
762 694 0.4623
763 684 0.007691
764 1110 0.63762
765 297 0.43387
766 409 0.11328
767 1027 0.24976
768 90 0.39483
769 529 0.38809
770 1031 0.54103
771 979 0.42839
772 1221 0.52082
773 416 0.34989
774 615 0.71228
775 1007 0.47947
776 192 0.39148
777 627 0.4329
778 1171 0.37171
779 459 0.54731
780 982 0.4399
781 688 0.22125
782 380 0.54328
783 645 0.43269
784 673 0.5617
785 577 0.35933
786 134 0.66702
787 426 0.02154
788 655 0.52275
789 757 0.37761
790 76 0.40337
791 474 0.53418
792 825 0.40602
793 305 0.36307
794 712 0.013638
795 731 0.47825
796 91 0.51342
797 511 0.38799
798 481 0.40466
799 713 0.024904
800 822 0.46826
801 714 0.0042269
802 177 0.32185
803 713 0.35098
804 74 0.40031
805 701 0.4694
806 711 0.0042293
807 444 0.014885
808 1119 0.15374
809 845 0.32676
810 748 0.37315
811 424 0.41607
812 268 0.48932
813 783 0.43803
814 806 0.41351
815 735 0.34213
816 901 0.26214
817 58 0.55602
818 689 0.12008
819 344 0.4107
820 1128 0.43491
821 596 0.44925
822 288 0.45554
823 395 0.4806
824 1246 0.49438
825 713 0.48315
826 731 0.0081946
827 710 0.40896
828 907 0.40237
829 916 0.1615
830 711 0.17249
831 657 0.21303
832 1032 0.2225
833 100 0.47088
834 1119 0.1715
835 810 0.401
836 953 0.35157
837 481 0.14206
838 482 0.094276
839 134 0.34833
840 7 0.42336
841 904 0.32963
842 134 0.44099
843 194 0.45453
844 451 0.37667
845 79 0.44612
846 57 0.30219
847 211 0.45236
848 529 0.37568
849 860 0.37164
850 216 0.40206
851 884 0.40733
852 885 0.39751
853 1149 0.20927
854 1214 0.45805
855 273 0.4928
856 1144 0.42538
857 309 0.3689
858 29 0.3508
859 324 0.40892
860 182 0.41261
861 500 0.39619
862 860 0.4648
863 86 0.35206
864 751 0.094449
865 310 0.43212
866 153 0.46827
867 967 0.34992
868 594 0.20209
869 91 0.34438
870 54 0.50389
871 62 0.44141
872 59 0.45848
873 1106 0.38925
874 556 0.38248
875 512 0.39408
876 9 0.38148
877 942 0.37773
878 194 0.32906
879 752 0.010419
880 386 0.33703
881 1066 0.27011
882 39 0.45093
883 802 0.40644
884 386 0.3231
885 953 0.29907
886 127 0.3271
887 604 0.44245
888 764 0.017816
889 376 0.39645
890 1058 0.42009
891 742 0.42853
892 360 0.41083
893 275 0.39163
894 620 0.29592
895 1089 0.36496
896 512 0.33607
897 1060 0.26826
898 216 0.31261
899 200 0.26401
900 604 0.35329
901 535 0.36811
902 779 0.014101
903 780 0.02758
904 777 0.0055005
905 778 0.020032
906 181 0.36557
907 806 0.39154
908 916 0.30629
909 786 0.35327
910 854 0.44435
911 798 0.47674
912 794 0.014084
913 1182 0.3963
914 775 0.3105
915 806 0.3061
916 571 0.40712
917 750 0.31226
918 109 0.36391
919 162 0.3281
920 800 0.37111
921 1199 0.28025
922 594 0.40874
923 1197 0.30443
924 1075 0.23987
925 821 0.093663
926 817 0.0052773
927 818 0.0039321
928 818 0.10013
929 1014 0.50053
930 597 0.25421
931 702 0.15147
932 823 0.0067668
933 976 0.015939
934 723 0.34754
935 1207 0.46848
936 685 0.37673
937 292 0.4007
938 818 0.080258
939 610 0.37134
940 837 0.0078401
941 86 0.33726
942 838 0.0039561
943 1206 0.45545
944 1173 0.38727
945 641 0.48313
946 603 0.46853
947 1060 0.37101
948 847 0.0054055
949 848 0.003073
950 915 0.4838
951 52 0.43994
952 297 0.40548
953 875 0.3129
954 1241 0.19095
955 1083 0.28378
956 297 0.44521
957 853 0.0050664
958 1130 0.54921
959 64 0.54054
960 855 0.049502
961 856 0.043767
962 1196 0.47666
963 859 0.0044132
964 860 0.0042733
965 979 0.37871
966 70 0.42821
967 867 0.0053769
968 831 0.39843
969 391 0.52918
970 899 0.33011
971 432 0.16702
972 1113 0.42525
973 1012 0.060796
974 303 0.3861
975 862 0.4058
976 823 0.38555
977 341 0.21942
978 1098 0.32808
979 185 0.42807
980 616 0.41228
981 1065 0.35986
982 155 0.33234
983 1098 0.46778
984 1220 0.32178
985 344 0.36439
986 303 0.36672
987 1061 0.54335
988 883 0.047806
989 478 0.158
990 185 0.3668
991 1196 0.59736
992 761 0.56329
993 29 0.56049
994 890 0.055851
995 1051 0.28481
996 55 0.55828
997 563 0.45399
998 361 0.45847
999 697 0.28161
1000 1011 0.33562
1001 1012 0.38602
1002 445 0.49512
1003 82 0.46791
1004 895 0.012668
1005 37 0.39647
1006 269 0.45899
1007 468 0.31232
1008 1027 0.12227
1009 757 0.31508
1010 899 0.0063008
1011 719 0.33462
1012 1046 0.66552
1013 646 0.53277
1014 902 0.020387
1015 892 0.10217
1016 1119 0.13886
1017 1053 0.11555
1018 908 0.10357
1019 909 0.080769
1020 247 0.26124
1021 1158 0.68234
1022 917 0.22253
1023 918 0.42908
1024 1228 0.29999
1025 37 0.5388
1026 357 0.13853
1027 480 0.43298
1028 1119 0.19972
1029 202 0.3409
1030 496 0.54915
1031 486 0.47699
1032 1072 0.3574
1033 440 0.71351
1034 914 0.0035195
1035 359 0.32318
1036 813 0.2938
1037 717 0.4193
1038 381 0.46395
1039 916 0.0034248
1040 41 0.51397
1041 862 0.53305
1042 625 0.44367
1043 680 0.36475
1044 74 0.36803
1045 798 0.43752
1046 936 0.36635
1047 1060 0.30117
1048 938 0.036549
1049 321 0.42487
1050 143 0.4414
1051 243 0.28705
1052 75 0.48238
1053 562 0.38776
1054 659 0.43411
1055 512 0.33153
1056 408 0.30205
1057 840 0.51567
1058 571 0.35237
1059 1059 0.37414
1060 64 0.50255
1061 578 0.40786
1062 185 0.37432
1063 959 0.21024
1064 960 0.14152
1065 752 0.36218
1066 575 0.28576
1067 942 0.37075
1068 88 0.42271
1069 32 0.40579
1070 236 0.27654
1071 817 0.15111
1072 652 0.42751
1073 637 0.44812
1074 1137 0.40081
1075 1072 0.16328
1076 972 0.38981
1077 968 0.57284
1078 973 0.084787
1079 976 0.18764
1080 975 0.0019516
1081 533 0.46983
1082 979 0.03382
1083 15 0.5334
1084 970 0.33832
1085 337 0.47254
1086 990 0.0084181
1087 1199 0.35981
1088 818 0.1561
1089 128 0.54229
1090 125 0.3403
1091 993 0.38108
1092 1218 0.41424
1093 998 0.003113
1094 1001 0.0033841
1095 637 0.32055
1096 134 0.5157
1097 859 0.071922
1098 1007 0.086913
1099 190 0.39382
1100 393 0.52932
1101 58 0.394
1102 1010 0.0014112
1103 563 0.43778
1104 964 0.40309
1105 1014 0.001761
1106 504 0.29476
1107 800 0.32138
1108 781 0.38821
1109 483 0.36195
1110 58 0.46205
1111 142 0.40439
1112 1017 0.019254
1113 324 0.4863
1114 1031 0.36757
1115 466 0.32105
1116 402 0.3301
1117 341 0.27649
1118 1180 0.35663
1119 302 0.47612
1120 883 0.35166
1121 430 0.51937
1122 265 0.33756
1123 430 0.48703
1124 712 0.41209
1125 1033 0.1887
1126 892 0.28548
1127 1197 0.21386
1128 356 0.5363
1129 1032 0.0036473
1130 384 0.56776
1131 1113 0.35823
1132 97 0.36106
1133 1038 0.35804
1134 127 0.29656
1135 802 0.53014
1136 1036 0.012166
1137 1033 0.18736
1138 482 0.35242
1139 896 0.14295
1140 340 0.52394
1141 1008 0.26583
1142 1225 0.56878
1143 1040 0.38389
1144 723 0.34889
1145 676 0.27909
1146 1042 0.01323
1147 276 0.36931
1148 168 0.43731
1149 17 0.39107
1150 1226 0.51824
1151 63 0.54079
1152 1050 0.11394
1153 700 0.38037
1154 1048 0.076661
1155 1043 0.0083911
1156 1044 0.0077546
1157 406 0.43173
1158 1199 0.32715
1159 714 0.071482
1160 1050 0.0019298
1161 522 0.48216
1162 714 0.047534
1163 894 0.49697
1164 1074 0.40018
1165 758 0.55077
1166 1201 0.45361
1167 1118 0.56719
1168 274 0.38964
1169 33 0.34724
1170 94 0.50673
1171 394 0.4492
1172 40 0.40366
1173 1121 0.072244
1174 1062 0.33415
1175 55 0.349
1176 1060 0.0081088
1177 1075 0.31745
1178 754 0.34796
1179 1065 0.0059197
1180 1066 0.005024
1181 1063 0.3079
1182 940 0.49236
1183 945 0.32895
1184 1019 0.44434
1185 937 0.3999
1186 411 0.414
1187 1102 0.34557
1188 142 0.4481
1189 1071 0.022356
1190 200 0.33396
1191 893 0.35384
1192 619 0.42887
1193 251 0.36653
1194 947 0.39159
1195 577 0.38337
1196 870 0.44934
1197 817 0.13438
1198 970 0.2004
1199 1020 0.28563
1200 124 0.35958
1201 623 0.39481
1202 16 0.34567
1203 677 0.36229
1204 1220 0.39729
1205 1193 0.5504
1206 1083 0.0033651
1207 876 0.3108
1208 823 0.3105
1209 1018 0.39167
1210 844 0.61085
1211 922 0.64422
1212 1220 0.42053
1213 1127 0.39473
1214 1085 0.0067301
1215 1086 0.0024606
1216 1087 0.0020453
1217 372 0.36003
1218 1077 0.33276
1219 987 0.40791
1220 806 0.36501
1221 1095 0.0016647
1222 640 0.37552
1223 636 0.35564
1224 1045 0.32374
1225 41 0.4609
1226 372 0.45782
1227 1185 0.47551
1228 869 0.42172
1229 1227 0.34959
1230 164 0.45218
1231 1031 0.28844
1232 1109 0.015537
1233 1108 0.016561
1234 509 0.64988
1235 602 0.40286
1236 608 0.44198
1237 723 0.27275
1238 1112 0.022766
1239 602 0.50895
1240 1183 0.46452
1241 1113 0.034443
1242 912 0.41855
1243 1114 0.00060679
1244 1115 0.0055992
1245 1116 0.010534
1246 357 0.080713
1247 1117 0.051707
1248 813 0.20147
1249 483 0.46493
1250 1053 0.23331
1251 233 0.54153
1252 109 0.46687
1253 1122 0.020104
1254 709 0.33204
1255 1235 0.41182
1256 157 0.40056
1257 782 0.37338
1258 369 0.40519
1259 344 0.4195
1260 1135 0.37866
1261 571 0.38778
1262 1189 0.43413
1263 599 0.18397
1264 1132 0.015269
1265 1133 0.0072341
1266 1136 0.011521
1267 1137 0.0068071
1268 657 0.31142
1269 1001 0.43727
1270 1146 0.0063595
1271 1242 0.2487
1272 980 0.39696
1273 1215 0.49148
1274 1153 0.0012404
1275 839 0.4727
1276 537 0.34372
1277 15 0.5409
1278 1136 0.44482
1279 16 0.43503
1280 481 0.4834
1281 230 0.26979
1282 882 0.3513
1283 1232 0.11339
1284 668 0.37292
1285 724 0.44922
1286 917 0.4542
1287 282 0.45942
1288 88 0.65281
1289 724 0.30349
1290 1160 0.054712
1291 1214 0.35142
1292 657 0.1693
1293 795 0.19897
1294 971 0.54616
1295 519 0.4624
1296 522 0.38081
1297 569 0.38668
1298 1163 0.14088
1299 1164 0.13318
1300 1165 0.010803
1301 1106 0.39977
1302 779 0.33459
1303 1051 0.3694
1304 1165 0.35234
1305 260 0.49674
1306 254 0.35413
1307 1191 0.32859
1308 297 0.36389
1309 468 0.42212
1310 842 0.40378
1311 434 0.30848
1312 1242 0.27787
1313 1176 0.0011258
1314 857 0.4068
1315 808 0.38004
1316 1179 0.0016302
1317 1200 0.33578
1318 384 0.43193
1319 383 0.34454
1320 908 0.27619
1321 1035 0.26244
1322 759 0.53291
1323 916 0.38187
1324 168 0.31644
1325 167 0.38315
1326 1005 0.41582
1327 490 0.39103
1328 47 0.49987
1329 1185 0.049299
1330 813 0.34466
1331 865 0.42384
1332 1187 0.029567
1333 1188 0.078682
1334 1084 0.33372
1335 658 0.3159
1336 745 0.6047
1337 928 0.61132
1338 1030 0.48168
1339 1239 0.45973
1340 1196 0.26255
1341 1196 0.0021099
1342 68 0.44333
1343 1100 0.26975
1344 1229 0.5243
1345 1077 0.36598
1346 1197 0.0017513
1347 998 0.44578
1348 302 0.43886
1349 908 0.398
1350 1035 0.26417
1351 981 0.38243
1352 1113 0.18107
1353 724 0.37168
1354 1113 0.29443
1355 1199 0.031862
1356 1200 0.004585
1357 364 0.37212
1358 1200 0.41159
1359 1062 0.41941
1360 1084 0.29928
1361 1204 0.018606
1362 818 0.17013
1363 1206 0.0030627
1364 1 0.51629
1365 23 0.59289
1366 65 0.54376
1367 81 0.51775
1368 128 0.54142
1369 41 0.50445
1370 1231 0.42857
1371 260 0.49572
1372 839 0.4587
1373 690 0.29963
1374 1210 0.0020857
1375 1211 0.0015333
1376 1158 0.41139
1377 1232 0.17826
1378 1158 0.52514
1379 1213 0.0093507
1380 442 0.41488
1381 1214 0.035357
1382 1215 0.055672
1383 1218 0.029628
1384 306 0.32273
1385 817 0.17028
1386 1220 0.0061922
1387 1221 0.0046255
1388 229 0.53954
1389 640 0.37144
1390 941 0.45539
1391 297 0.50232
1392 666 0.46051
1393 1225 0.23166
1394 1158 0.33349
1395 1232 0.1417
1396 744 0.48374
1397 915 0.44202
1398 1158 0.3706
1399 1235 0.047944
1400 1237 0.15394
1401 137 0.42135
1402 312 0.29694
1403 311 0.32383
1404 486 0.36953
1405 532 0.53741
1406 1005 0.40336
1407 1228 0.37652
1408 975 0.24261
1409 305 0.30226
1410 782 0.43165
1411 1245 0.039626
1412 1246 0.19862
1413 1247 0.22213
1414 1248 0.016978
1415 1215 0.44798
1416 1087 0.43908
1417 1249 0.15137
