1678
1 1611 0.31681
2 189 0.37976
3 715 0.12754
4 1064 0.44426
5 787 0.42962
6 992 0.37046
7 167 0.37133
8 1421 0.42827
9 151 0.3637
10 802 0.44933
11 8 0.38199
12 99 0.40441
13 1161 0.34278
14 139 0.37245
15 668 0.43713
16 1596 0.37324
17 1076 0.41095
18 966 0.37703
19 290 0.44032
20 602 0.37888
21 807 0.41282
22 602 0.41745
23 897 0.27611
24 119 0.33416
25 210 0.36648
26 509 0.39719
27 290 0.37227
28 38 0.045351
29 770 0.34663
30 968 0.36415
31 750 0.32423
32 31 0.032086
33 32 0.022473
34 1106 0.40288
35 85 0.32364
36 84 0.33014
37 58 0.40069
38 464 0.43322
39 41 0.026766
40 367 0.4457
41 133 0.38384
42 141 0.37025
43 1121 0.36747
44 503 0.41818
45 1637 0.37115
46 124 0.33045
47 50 0.25854
48 863 0.46172
49 1596 0.3963
50 415 0.42255
51 10 0.38093
52 737 0.38669
53 83 0.3979
54 218 0.35793
55 1064 0.37542
56 1319 0.45274
57 1328 0.40392
58 11 0.33914
59 1551 0.42381
60 1610 0.36323
61 1174 0.42831
62 657 0.39277
63 1296 0.35948
64 361 0.49236
65 13 0.39949
66 1600 0.47569
67 569 0.38459
68 1072 0.35104
69 51 0.3285
70 84 0.18233
71 85 0.049372
72 91 0.054924
73 468 0.43426
74 394 0.38248
75 220 0.43978
76 50 0.32111
77 1273 0.41084
78 1367 0.44572
79 1464 0.33946
80 798 0.37545
81 63 0.40402
82 1325 0.30925
83 541 0.37302
84 769 0.33013
85 666 0.38315
86 53 0.38338
87 125 0.38922
88 1611 0.34005
89 131 0.034497
90 770 0.35083
91 1159 0.35605
92 87 0.3439
93 861 0.34964
94 199 0.43993
95 7 0.4727
96 702 0.45456
97 1326 0.35584
98 35 0.40439
99 63 0.3783
100 935 0.37141
101 1122 0.33097
102 190 0.41816
103 132 0.40913
104 273 0.43441
105 1118 0.42844
106 1267 0.43367
107 962 0.38111
108 258 0.45996
109 215 0.38192
110 902 0.38379
111 171 0.11483
112 50 0.39551
113 861 0.40018
114 93 0.42169
115 184 0.36667
116 183 0.37895
117 1071 0.43838
118 885 0.4094
119 583 0.39793
120 1598 0.46097
121 1229 0.47695
122 235 0.47569
123 234 0.45723
124 825 0.45313
125 39 0.44815
126 1644 0.25051
127 769 0.37254
128 834 0.37424
129 1013 0.3979
130 257 0.37273
131 778 0.41277
132 536 0.28347
133 267 0.53327
134 1084 0.43991
135 760 0.34317
136 192 0.38935
137 1315 0.40992
138 300 0.38255
139 528 0.32986
140 664 0.35514
141 874 0.3695
142 1612 0.35342
143 1099 0.41207
144 227 0.41796
145 781 0.33903
146 373 0.37723
147 587 0.38049
148 322 0.42856
149 902 0.3786
150 221 0.080376
151 282 0.32129
152 366 0.34689
153 483 0.39702
154 992 0.38183
155 193 0.34027
156 1710 0.38642
157 258 0.36291
158 226 0.061943
159 809 0.34367
160 170 0.45548
161 239 0.38657
162 503 0.42515
163 63 0.45917
164 1231 0.36343
165 1232 0.35447
166 1273 0.421
167 99 0.40903
168 1114 0.38822
169 1373 0.36322
170 275 0.42887
171 555 0.19677
172 239 0.051104
173 832 0.33105
174 969 0.33799
175 1700 0.32213
176 304 0.31108
177 1329 0.36375
178 105 0.38983
179 247 0.017913
180 244 0.056247
181 1362 0.3526
182 814 0.080591
183 64 0.44987
184 251 0.014475
185 210 0.42987
186 247 0.34127
187 292 0.29311
188 293 0.30945
189 1254 0.26857
190 302 0.25349
191 800 0.33021
192 1621 0.29694
193 1055 0.22073
194 1557 0.41407
195 1076 0.34921
196 258 0.036242
197 259 0.026592
198 273 0.43048
199 1561 0.19772
200 664 0.31398
201 104 0.40912
202 1295 0.38221
203 284 0.35342
204 1341 0.21654
205 898 0.3997
206 803 0.50487
207 1045 0.45109
208 675 0.40025
209 306 0.38156
210 902 0.37591
211 1100 0.31725
212 1068 0.33805
213 1146 0.11186
214 333 0.37492
215 292 0.33368
216 293 0.28126
217 1341 0.18969
218 1693 0.21075
219 1311 0.40391
220 259 0.36913
221 1146 0.13121
222 1554 0.33352
223 1421 0.31179
224 589 0.36637
225 293 0.33053
226 1660 0.27885
227 274 0.020216
228 34 0.38478
229 81 0.38069
230 437 0.44827
231 1325 0.36904
232 810 0.39548
233 1307 0.31591
234 1289 0.35788
235 293 0.34036
236 1027 0.32538
237 930 0.38519
238 1318 0.39609
239 1281 0.43974
240 737 0.34811
241 539 0.40154
242 294 0.22243
243 303 0.26895
244 492 0.36702
245 227 0.24053
246 715 0.32449
247 716 0.28655
248 1694 0.41018
249 1693 0.11465
250 1281 0.27811
251 936 0.20769
252 634 0.51733
253 393 0.42314
254 1120 0.36015
255 1621 0.29432
256 842 0.31219
257 1072 0.42375
258 29 0.34343
259 230 0.38033
260 983 0.39736
261 257 0.41278
262 812 0.35465
263 1693 0.14752
264 953 0.41975
265 1335 0.22673
266 468 0.37096
267 881 0.43897
268 755 0.3253
269 808 0.30431
270 1125 0.47049
271 344 0.34091
272 355 0.36918
273 275 0.38331
274 887 0.42346
275 384 0.36686
276 962 0.39545
277 1079 0.45925
278 322 0.15892
279 1659 0.41713
280 271 0.42135
281 292 0.29867
282 1585 0.39145
283 447 0.3677
284 32 0.40304
285 801 0.39296
286 1136 0.42019
287 846 0.35325
288 1521 0.38841
289 857 0.31147
290 1382 0.34952
291 1673 0.47602
292 929 0.29052
293 254 0.43758
294 163 0.28407
295 302 0.39037
296 1474 0.36874
297 361 0.42904
298 115 0.38696
299 659 0.44203
300 609 0.40744
301 1007 0.52521
302 1497 0.3551
303 1524 0.4421
304 1046 0.37231
305 1026 0.43263
306 890 0.42683
307 914 0.47885
308 451 0.5791
309 468 0.44892
310 313 0.24296
311 670 0.3829
312 1484 0.45465
313 1012 0.67797
314 1145 0.41065
315 275 0.31207
316 1461 0.39776
317 477 0.38757
318 863 0.30108
319 1691 0.50343
320 556 0.48115
321 1600 0.43051
322 1450 0.43612
323 770 0.4217
324 902 0.46509
325 1287 0.42858
326 362 0.37466
327 1012 0.35845
328 1011 0.42427
329 261 0.3515
330 1163 0.33763
331 332 0.52122
332 1424 0.39752
333 373 0.055009
334 1526 0.45936
335 582 0.3496
336 1106 0.36859
337 838 0.36437
338 835 0.46883
339 267 0.41581
340 210 0.45665
341 1301 0.43823
342 202 0.4312
343 1314 0.47363
344 413 0.47174
345 479 0.53342
346 557 0.55405
347 1524 0.53214
348 396 0.10498
349 767 0.37941
350 1079 0.42417
351 868 0.43299
352 408 0.011242
353 798 0.40911
354 410 0.016407
355 473 0.37675
356 919 0.052715
357 1476 0.60155
358 993 0.36043
359 1488 0.44111
360 426 0.012503
361 1706 0.48952
362 834 0.45157
363 1707 0.48427
364 1033 0.48483
365 916 0.47597
366 425 0.31109
367 1651 0.30807
368 502 0.20289
369 698 0.33076
370 433 0.040778
371 434 0.071345
372 139 0.22292
373 655 0.42482
374 1325 0.33307
375 1694 0.38686
376 114 0.3417
377 1601 0.44004
378 224 0.41356
379 437 0.025283
380 812 0.32117
381 190 0.33968
382 911 0.38368
383 664 0.25137
384 85 0.34673
385 536 0.30461
386 459 0.28192
387 449 0.34316
388 395 0.54887
389 620 0.5159
390 515 0.43488
391 635 0.40094
392 448 0.048069
393 1590 0.39726
394 461 0.38872
395 638 0.43449
396 1546 0.44617
397 13 0.36237
398 24 0.43184
399 911 0.40603
400 1172 0.38808
401 1606 0.37031
402 1174 0.36476
403 494 0.3536
404 1019 0.36465
405 418 0.30704
406 315 0.39443
407 314 0.469
408 260 0.44427
409 810 0.45049
410 1633 0.39648
411 1086 0.39178
412 457 0.021582
413 631 0.35028
414 464 0.012484
415 465 0.014874
416 1385 0.42746
417 1310 0.36476
418 467 0.01417
419 1475 0.64493
420 1333 0.35725
421 125 0.39421
422 618 0.38454
423 1405 0.34418
424 1406 0.30597
425 470 0.066455
426 1002 0.46382
427 471 0.011821
428 907 0.40449
429 881 0.39436
430 837 0.31733
431 473 0.0053268
432 254 0.40404
433 964 0.16355
434 1029 0.40628
435 1367 0.44524
436 780 0.42742
437 1042 0.35394
438 38 0.40927
439 1613 0.52046
440 140 0.59479
441 814 0.41052
442 265 0.38823
443 479 0.018098
444 480 0.0073325
445 941 0.33201
446 967 0.029
447 488 0.033687
448 1011 0.33821
449 410 0.42908
450 487 0.043601
451 960 0.39848
452 959 0.38374
453 1664 0.50451
454 1308 0.38202
455 501 0.47616
456 503 0.0094212
457 1334 0.40275
458 534 0.41151
459 210 0.30043
460 251 0.40206
461 1643 0.42743
462 501 0.18645
463 580 0.34318
464 973 0.13036
465 1278 0.31298
466 1055 0.22861
467 757 0.46594
468 353 0.34242
469 119 0.40538
470 653 0.48228
471 1264 0.53556
472 1196 0.44023
473 294 0.39266
474 1247 0.45404
475 1224 0.4421
476 798 0.38875
477 1462 0.36569
478 709 0.46151
479 751 0.38256
480 1308 0.44324
481 459 0.33128
482 233 0.33233
483 536 0.070924
484 1238 0.35549
485 252 0.36164
486 1039 0.33799
487 1213 0.40819
488 1500 0.36696
489 1602 0.33971
490 1382 0.31617
491 545 0.024254
492 742 0.40374
493 1372 0.36666
494 560 0.020736
495 1185 0.42401
496 983 0.45758
497 1048 0.21193
498 1307 0.41359
499 564 0.14863
500 11 0.38699
501 994 0.20764
502 567 0.014317
503 568 0.008273
504 1427 0.45312
505 869 0.33868
506 1005 0.05138
507 83 0.37623
508 883 0.42866
509 574 0.02191
510 32 0.27108
511 968 0.32808
512 907 0.43522
513 132 0.38986
514 847 0.40419
515 192 0.29045
516 569 0.017685
517 245 0.37549
518 313 0.43263
519 590 0.12778
520 1436 0.39172
521 153 0.5073
522 1426 0.25403
523 342 0.30254
524 538 0.43313
525 384 0.30252
526 1708 0.28477
527 1663 0.42697
528 1561 0.15455
529 47 0.43831
530 1536 0.46102
531 1531 0.35661
532 1275 0.30057
533 1282 0.2419
534 329 0.45641
535 294 0.31257
536 588 0.020972
537 589 0.059514
538 615 0.15775
539 605 0.042206
540 606 0.056556
541 1561 0.29594
542 628 0.3918
543 369 0.34805
544 646 0.47471
545 468 0.33882
546 1582 0.3367
547 1472 0.40515
548 1048 0.26965
549 372 0.48191
550 1172 0.52339
551 616 0.054072
552 1335 0.20478
553 798 0.405
554 250 0.40534
555 1667 0.30478
556 1139 0.39773
557 400 0.39678
558 1501 0.37664
559 163 0.37081
560 635 0.43437
561 1034 0.47601
562 1275 0.31217
563 1312 0.34957
564 1221 0.39319
565 1220 0.39333
566 342 0.40768
567 464 0.40191
568 851 0.37565
569 1081 0.48082
570 874 0.42576
571 1296 0.43572
572 1133 0.41694
573 304 0.32575
574 1187 0.34391
575 1325 0.39678
576 1034 0.28673
577 1339 0.34083
578 1141 0.24785
579 1527 0.33149
580 1177 0.34599
581 630 0.016455
582 1599 0.41938
583 434 0.42864
584 1016 0.3793
585 624 0.45203
586 896 0.41234
587 467 0.44825
588 799 0.4238
589 747 0.46078
590 641 0.15133
591 642 0.34457
592 337 0.46808
593 779 0.34266
594 1681 0.3894
595 432 0.3374
596 1048 0.23875
597 1680 0.43833
598 487 0.41938
599 285 0.41161
600 665 0.077372
601 1572 0.36237
602 1571 0.32524
603 1069 0.36629
604 667 0.47237
605 1669 0.39735
606 1290 0.39042
607 709 0.36893
608 941 0.31975
609 824 0.39156
610 1045 0.38121
611 1044 0.34706
612 708 0.064034
613 594 0.35525
614 163 0.32854
615 24 0.47607
616 515 0.48234
617 647 0.4131
618 11 0.46187
619 573 0.50043
620 1529 0.4787
621 800 0.4666
622 711 0.37783
623 133 0.45883
624 618 0.37665
625 1112 0.34134
626 40 0.40679
627 540 0.38253
628 1118 0.36677
629 734 0.022898
630 735 0.034061
631 722 0.013641
632 892 0.54398
633 1402 0.43078
634 1320 0.35304
635 1310 0.40212
636 1556 0.28413
637 94 0.33255
638 221 0.44583
639 740 0.048839
640 741 0.11538
641 583 0.32025
642 1366 0.39474
643 829 0.39327
644 1535 0.43113
645 37 0.42832
646 743 0.019055
647 744 0.01793
648 1706 0.39124
649 1549 0.37855
650 752 0.44358
651 105 0.34825
652 1174 0.37073
653 160 0.39821
654 82 0.3488
655 601 0.39688
656 988 0.35769
657 1136 0.37005
658 969 0.34808
659 458 0.37393
660 751 0.012561
661 767 0.41633
662 786 0.40105
663 785 0.39087
664 1690 0.34006
665 659 0.32276
666 486 0.4079
667 1113 0.34056
668 588 0.41765
669 983 0.34531
670 101 0.46944
671 46 0.50957
672 1127 0.4182
673 25 0.34297
674 752 0.10979
675 798 0.40668
676 274 0.35781
677 958 0.31119
678 1302 0.40871
679 51 0.40315
680 483 0.36595
681 1072 0.30452
682 267 0.39924
683 631 0.36689
684 117 0.44293
685 1103 0.35068
686 274 0.31758
687 1615 0.31533
688 1411 0.38428
689 583 0.4098
690 961 0.35427
691 1087 0.39879
692 298 0.37879
693 944 0.30175
694 809 0.35864
695 764 0.18988
696 31 0.30451
697 32 0.24453
698 1126 0.34078
699 777 0.3334
700 1310 0.36049
701 832 0.37293
702 803 0.43015
703 1097 0.37006
704 1694 0.3979
705 528 0.37077
706 1119 0.40248
707 1127 0.31711
708 1319 0.34484
709 770 0.26744
710 645 0.29468
711 635 0.40096
712 716 0.31535
713 1438 0.31993
714 1327 0.38875
715 1597 0.35043
716 1235 0.36572
717 1466 0.419
718 1435 0.31839
719 307 0.35177
720 1145 0.38929
721 893 0.39051
722 974 0.38938
723 787 0.040627
724 813 0.42844
725 861 0.45527
726 763 0.35499
727 68 0.40333
728 1527 0.38129
729 1535 0.3195
730 20 0.31393
731 384 0.3543
732 810 0.35351
733 164 0.38457
734 325 0.43798
735 38 0.48364
736 1612 0.41269
737 1321 0.32141
738 16 0.3916
739 194 0.37153
740 1435 0.44062
741 469 0.42282
742 1528 0.28957
743 801 0.025689
744 745 0.41109
745 818 0.42913
746 1072 0.37936
747 384 0.37479
748 24 0.3796
749 1088 0.38291
750 569 0.37204
751 1444 0.34953
752 8 0.49653
753 893 0.43175
754 825 0.36346
755 190 0.28421
756 226 0.37546
757 936 0.46886
758 1114 0.43819
759 1332 0.48636
760 843 0.44978
761 306 0.235
762 530 0.31823
763 1146 0.17767
764 1337 0.27019
765 1561 0.29941
766 579 0.43687
767 1581 0.49671
768 776 0.43741
769 1561 0.13535
770 827 0.029602
771 828 0.069051
772 887 0.28887
773 816 0.32813
774 829 0.072804
775 830 0.045313
776 218 0.41566
777 733 0.39357
778 832 0.017487
779 1146 0.20294
780 1693 0.26159
781 1155 0.18979
782 1445 0.3237
783 1281 0.34345
784 217 0.44498
785 844 0.55033
786 847 0.40725
787 1147 0.43703
788 1163 0.51193
789 1373 0.37213
790 247 0.52678
791 1340 0.49109
792 408 0.47468
793 303 0.21458
794 482 0.4732
795 62 0.4801
796 409 0.40027
797 849 0.032702
798 857 0.4908
799 734 0.36091
800 418 0.45196
801 981 0.35284
802 797 0.42856
803 317 0.082193
804 318 0.22643
805 418 0.43256
806 1464 0.39496
807 856 0.09906
808 1128 0.37695
809 417 0.5173
810 267 0.41395
811 1207 0.27645
812 861 0.01783
813 862 0.0043392
814 691 0.47933
815 1162 0.43827
816 982 0.43049
817 303 0.32197
818 1204 0.27452
819 867 0.0096412
820 871 0.030667
821 872 0.028514
822 1574 0.39716
823 581 0.34513
824 580 0.32271
825 1275 0.24741
826 1118 0.36151
827 164 0.43266
828 1411 0.38639
829 798 0.32435
830 1476 0.32133
831 738 0.41191
832 425 0.31642
833 717 0.44084
834 247 0.39726
835 473 0.38001
836 893 0.035962
837 94 0.35599
838 621 0.4927
839 279 0.50285
840 1121 0.4112
841 804 0.38883
842 1229 0.40448
843 1345 0.45531
844 1461 0.34278
845 1436 0.39059
846 228 0.26302
847 1598 0.37324
848 907 0.05313
849 1260 0.42453
850 111 0.38624
851 612 0.39443
852 1389 0.58593
853 1159 0.39893
854 271 0.49453
855 11 0.47434
856 301 0.50776
857 1051 0.53406
858 1052 0.46474
859 1109 0.40283
860 1379 0.43592
861 910 0.049717
862 1463 0.49
863 1040 0.43892
864 911 0.052928
865 527 0.39427
866 282 0.33257
867 358 0.34713
868 1532 0.34907
869 1531 0.36327
870 11 0.47295
871 274 0.42696
872 9 0.4293
873 10 0.449
874 13 0.44833
875 1458 0.43726
876 1120 0.39551
877 1479 0.48352
878 1160 0.49496
879 114 0.42741
880 821 0.4664
881 928 0.051532
882 929 0.0044021
883 931 0.023814
884 1169 0.4815
885 933 0.41887
886 1027 0.36003
887 654 0.32155
888 1446 0.54981
889 1466 0.46796
890 310 0.50273
891 1113 0.43656
892 565 0.33554
893 944 0.0043848
894 638 0.399
895 473 0.39332
896 1227 0.40534
897 818 0.41466
898 450 0.049199
899 1199 0.058866
900 950 0.052367
901 951 0.047292
902 1320 0.30863
903 952 0.11535
904 263 0.44471
905 51 0.33951
906 515 0.38961
907 1204 0.058347
908 50 0.41778
909 1411 0.32709
910 467 0.419
911 594 0.42391
912 954 0.023765
913 955 0.0076047
914 1232 0.28602
915 536 0.33423
916 1145 0.36556
917 1257 0.47636
918 202 0.44475
919 1680 0.48544
920 1229 0.37944
921 958 0.022007
922 1121 0.37472
923 1139 0.47691
924 1215 0.29019
925 666 0.45875
926 14 0.45951
927 1618 0.34165
928 435 0.35756
929 1205 0.37603
930 1033 0.30527
931 1294 0.33471
932 1309 0.33488
933 1575 0.41598
934 1240 0.35996
935 1388 0.40309
936 1132 0.35356
937 1426 0.46035
938 416 0.49024
939 977 0.030166
940 941 0.19183
941 615 0.23343
942 978 0.047484
943 1498 0.41921
944 824 0.45762
945 297 0.4605
946 1240 0.46204
947 1204 0.41847
948 964 0.39697
949 25 0.47279
950 1569 0.41815
951 739 0.53321
952 255 0.38599
953 357 0.33841
954 1639 0.43335
955 131 0.39438
956 669 0.46865
957 539 0.052873
958 1382 0.42209
959 542 0.40991
960 387 0.39427
961 991 0.13309
962 1626 0.41309
963 610 0.40601
964 998 0.0050104
965 999 0.0043658
966 997 0.0094872
967 604 0.42056
968 906 0.48046
969 1243 0.42644
970 1705 0.31053
971 1001 0.20843
972 1555 0.33473
973 1003 0.0050772
974 596 0.37622
975 965 0.40408
976 1561 0.22821
977 820 0.42392
978 215 0.35403
979 283 0.39023
980 303 0.1837
981 1449 0.62922
982 1561 0.13929
983 1340 0.17065
984 779 0.40315
985 180 0.40752
986 232 0.38575
987 1477 0.35855
988 423 0.32176
989 1325 0.30265
990 1561 0.13239
991 1358 0.42729
992 1010 0.016163
993 186 0.5034
994 1061 0.55534
995 976 0.52808
996 1708 0.12814
997 1342 0.41787
998 1014 0.017082
999 1015 0.046444
1000 295 0.32937
1001 1282 0.2552
1002 494 0.3412
1003 1561 0.1829
1004 1561 0.25335
1005 436 0.30887
1006 9 0.4072
1007 1310 0.33087
1008 1282 0.31299
1009 401 0.5085
1010 1019 0.0084467
1011 1033 0.013757
1012 941 0.28251
1013 1278 0.31995
1014 595 0.39956
1015 1612 0.4106
1016 513 0.34285
1017 630 0.3924
1018 131 0.58327
1019 1435 0.50659
1020 492 0.28435
1021 616 0.25746
1022 1491 0.37993
1023 1048 0.29992
1024 1477 0.31951
1025 548 0.36132
1026 1296 0.3223
1027 217 0.34983
1028 621 0.34699
1029 1110 0.39705
1030 1436 0.3747
1031 83 0.39886
1032 1428 0.3521
1033 1597 0.43817
1034 1663 0.37684
1035 997 0.1991
1036 582 0.3904
1037 1388 0.34112
1038 1282 0.29965
1039 1396 0.43215
1040 1231 0.47914
1041 1260 0.42822
1042 1644 0.40375
1043 1101 0.37901
1044 1102 0.38409
1045 1100 0.38234
1046 820 0.36846
1047 1273 0.3859
1048 419 0.41046
1049 631 0.32337
1050 728 0.2592
1051 729 0.2616
1052 239 0.374
1053 1412 0.35959
1054 215 0.31885
1055 1050 0.38768
1056 1123 0.34576
1057 17 0.53017
1058 40 0.39229
1059 1689 0.39123
1060 1549 0.29741
1061 92 0.46967
1062 1598 0.35051
1063 1075 0.011061
1064 1078 0.012124
1065 1079 0.010601
1066 1299 0.38868
1067 131 0.43103
1068 810 0.40688
1069 38 0.4231
1070 1444 0.39406
1071 194 0.4002
1072 1684 0.37782
1073 136 0.33242
1074 1086 0.022517
1075 1091 0.017206
1076 1092 0.015561
1077 1106 0.33568
1078 1320 0.42895
1079 1103 0.32748
1080 986 0.47068
1081 100 0.44167
1082 454 0.44435
1083 282 0.41652
1084 495 0.40948
1085 1099 0.011081
1086 1100 0.072738
1087 1101 0.020536
1088 1102 0.037903
1089 1461 0.36001
1090 1105 0.11884
1091 1599 0.34458
1092 548 0.31953
1093 1263 0.26389
1094 1121 0.30388
1095 1078 0.43045
1096 731 0.45454
1097 1107 0.092263
1098 959 0.42899
1099 1112 0.017483
1100 436 0.37377
1101 1070 0.39162
1102 348 0.31896
1103 990 0.35225
1104 1460 0.2707
1105 431 0.3794
1106 63 0.45808
1107 1122 0.043005
1108 274 0.3723
1109 1726 0.44839
1110 1127 0.013782
1111 1129 0.041914
1112 1130 0.045193
1113 1131 0.062944
1114 1122 0.4497
1115 243 0.56341
1116 1150 0.46047
1117 298 0.41507
1118 1339 0.24589
1119 1191 0.44021
1120 1411 0.33677
1121 842 0.28496
1122 153 0.47188
1123 1141 0.01668
1124 1146 0.17511
1125 1142 0.37766
1126 336 0.3375
1127 1142 0.090543
1128 292 0.2372
1129 17 0.28822
1130 779 0.40691
1131 76 0.39436
1132 130 0.36762
1133 1274 0.42381
1134 839 0.39432
1135 1275 0.37366
1136 1681 0.40866
1137 326 0.48573
1138 1533 0.32834
1139 1148 0.030732
1140 1149 0.02664
1141 559 0.40534
1142 257 0.37828
1143 256 0.41989
1144 1489 0.51283
1145 347 0.53245
1146 705 0.45873
1147 1584 0.42813
1148 78 0.47546
1149 1640 0.49085
1150 1715 0.37562
1151 472 0.45059
1152 307 0.2985
1153 535 0.45816
1154 390 0.39074
1155 1575 0.39268
1156 1677 0.42553
1157 1136 0.43356
1158 1584 0.46612
1159 1583 0.38187
1160 882 0.45659
1161 1606 0.43362
1162 1003 0.36662
1163 293 0.35556
1164 1162 0.010808
1165 1163 0.016486
1166 378 0.64749
1167 857 0.40091
1168 896 0.4052
1169 1001 0.38005
1170 547 0.32342
1171 515 0.38892
1172 459 0.40612
1173 1586 0.36048
1174 883 0.40569
1175 378 0.41032
1176 1171 0.0052033
1177 1178 0.0028314
1178 1484 0.37357
1179 672 0.58873
1180 280 0.44355
1181 1249 0.482
1182 116 0.49602
1183 1421 0.42064
1184 449 0.32655
1185 1191 0.017789
1186 1277 0.40202
1187 244 0.39915
1188 420 0.42837
1189 1461 0.36932
1190 829 0.49379
1191 994 0.52068
1192 131 0.36347
1193 258 0.34109
1194 1387 0.086697
1195 198 0.41065
1196 708 0.38676
1197 21 0.48583
1198 514 0.3797
1199 861 0.4245
1200 763 0.46117
1201 1240 0.4432
1202 1174 0.44692
1203 852 0.38284
1204 1213 0.025112
1205 1215 0.028871
1206 1214 0.087072
1207 664 0.42776
1208 1260 0.40057
1209 1177 0.32305
1210 1703 0.359
1211 798 0.47522
1212 1481 0.66084
1213 1153 0.45618
1214 91 0.3219
1215 1434 0.44619
1216 373 0.48449
1217 1225 0.012956
1218 1413 0.70853
1219 1078 0.32074
1220 1079 0.29817
1221 1234 0.018753
1222 1177 0.41264
1223 1500 0.29069
1224 1236 0.0084299
1225 1097 0.38706
1226 983 0.41601
1227 924 0.45501
1228 722 0.47786
1229 139 0.23591
1230 137 0.22287
1231 1591 0.43731
1232 148 0.39544
1233 353 0.37698
1234 1240 0.15916
1235 495 0.498
1236 815 0.52822
1237 1011 0.38261
1238 1351 0.38768
1239 1128 0.29446
1240 133 0.43402
1241 539 0.40967
1242 1561 0.24161
1243 1146 0.13526
1244 1244 0.15337
1245 1282 0.29365
1246 1561 0.15273
1247 1056 0.36793
1248 1112 0.40135
1249 707 0.32967
1250 1335 0.27605
1251 956 0.39621
1252 1067 0.48386
1253 1252 0.018222
1254 1173 0.64091
1255 1248 0.021746
1256 1249 0.013686
1257 210 0.37412
1258 1267 0.41459
1259 805 0.39821
1260 1310 0.415
1261 1311 0.37577
1262 1445 0.28337
1263 1282 0.23073
1264 1141 0.25338
1265 1548 0.42748
1266 1146 0.22295
1267 1424 0.22522
1268 852 0.34421
1269 1546 0.50351
1270 1383 0.30055
1271 1287 0.17745
1272 754 0.45583
1273 1090 0.41332
1274 1072 0.4127
1275 639 0.36929
1276 235 0.44349
1277 1064 0.16206
1278 1325 0.33734
1279 1295 0.015921
1280 264 0.40501
1281 1376 0.36591
1282 1296 0.025268
1283 1072 0.071393
1284 1299 0.016087
1285 1297 0.05284
1286 281 0.40792
1287 1097 0.38243
1288 1643 0.42315
1289 1066 0.39812
1290 1309 0.031145
1291 1085 0.16382
1292 1331 0.3276
1293 507 0.32217
1294 506 0.34732
1295 1464 0.44881
1296 1320 0.030381
1297 1464 0.039919
1298 503 0.34355
1299 1411 0.42998
1300 424 0.4399
1301 1461 0.34797
1302 1684 0.43772
1303 1544 0.43303
1304 1074 0.41918
1305 234 0.38138
1306 1692 0.35099
1307 300 0.41569
1308 32 0.44139
1309 1213 0.40536
1310 220 0.34184
1311 944 0.27758
1312 258 0.47972
1313 218 0.43414
1314 1291 0.39252
1315 1296 0.45625
1316 1074 0.44747
1317 1178 0.41093
1318 430 0.37498
1319 546 0.35097
1320 1306 0.37587
1321 1335 0.0093352
1322 1137 0.26824
1323 1427 0.39006
1324 932 0.46505
1325 1341 0.015964
1326 1660 0.33025
1327 1308 0.39224
1328 106 0.44838
1329 1146 0.12439
1330 539 0.40058
1331 283 0.41779
1332 1561 0.13136
1333 1561 0.21175
1334 1440 0.45293
1335 496 0.44821
1336 1726 0.14831
1337 427 0.5216
1338 506 0.3806
1339 507 0.33313
1340 1153 0.35356
1341 798 0.43262
1342 1353 0.01642
1343 1354 0.073186
1344 1355 0.029012
1345 1356 0.034805
1346 1155 0.033687
1347 1515 0.39833
1348 1191 0.46083
1349 550 0.44788
1350 1166 0.3741
1351 1686 0.52672
1352 1364 0.023202
1353 447 0.32091
1354 1136 0.43929
1355 446 0.31511
1356 447 0.40487
1357 1372 0.0059678
1358 1530 0.29046
1359 1374 0.0074666
1360 580 0.35112
1361 1375 0.026384
1362 888 0.38517
1363 1376 0.001136
1364 1377 0.001395
1365 1218 0.31446
1366 1216 0.30462
1367 223 0.44402
1368 1174 0.38757
1369 1381 0.30755
1370 67 0.38213
1371 66 0.36494
1372 1383 0.0061786
1373 911 0.40653
1374 535 0.37485
1375 1567 0.44611
1376 770 0.42781
1377 99 0.39168
1378 1035 0.41029
1379 348 0.35787
1380 505 0.44099
1381 1394 0.15282
1382 1207 0.1489
1383 183 0.29743
1384 1358 0.2663
1385 194 0.56384
1386 166 0.39334
1387 352 0.43313
1388 1338 0.33201
1389 1258 0.32405
1390 1127 0.40407
1391 1402 0.019267
1392 130 0.48076
1393 435 0.44103
1394 1406 0.055601
1395 1353 0.3206
1396 780 0.52444
1397 275 0.42047
1398 1067 0.37948
1399 88 0.37748
1400 992 0.41475
1401 1003 0.28947
1402 1476 0.44722
1403 859 0.45551
1404 927 0.29917
1405 926 0.38708
1406 447 0.51675
1407 1301 0.27861
1408 1427 0.031004
1409 1519 0.39103
1410 1282 0.30869
1411 1282 0.28259
1412 1561 0.22593
1413 1146 0.18174
1414 445 0.48878
1415 1339 0.27877
1416 1146 0.13814
1417 1341 0.13833
1418 1561 0.16845
1419 1448 0.029583
1420 514 0.30415
1421 150 0.5406
1422 586 0.35535
1423 1064 0.33819
1424 1469 0.3899
1425 276 0.37388
1426 740 0.40366
1427 141 0.35216
1428 777 0.34098
1429 1679 0.42204
1430 798 0.44363
1431 305 0.46367
1432 1287 0.41941
1433 1232 0.38156
1434 1087 0.33853
1435 512 0.37739
1436 790 0.35825
1437 791 0.4157
1438 422 0.33901
1439 139 0.34245
1440 14 0.28276
1441 274 0.30479
1442 1274 0.41442
1443 797 0.47165
1444 1409 0.29711
1445 755 0.38547
1446 1468 0.018052
1447 1404 0.32057
1448 409 0.37853
1449 832 0.47056
1450 350 0.4583
1451 372 0.49883
1452 619 0.34305
1453 1560 0.32772
1454 1708 0.13713
1455 368 0.41599
1456 1288 0.44719
1457 984 0.53127
1458 658 0.49354
1459 1189 0.5105
1460 1136 0.44949
1461 1264 0.44925
1462 571 0.42517
1463 1573 0.068299
1464 454 0.41255
1465 555 0.32546
1466 1485 0.028549
1467 1545 0.3758
1468 1663 0.29647
1469 1665 0.27671
1470 1680 0.44527
1471 497 0.48011
1472 1490 0.52402
1473 1491 0.44344
1474 1160 0.51177
1475 19 0.46279
1476 990 0.31657
1477 532 0.30415
1478 1500 0.0065883
1479 1542 0.40654
1480 1652 0.25289
1481 1358 0.33479
1482 1156 0.37817
1483 1409 0.28561
1484 1504 0.16854
1485 1679 0.40862
1486 1591 0.28729
1487 519 0.52746
1488 1509 0.026786
1489 613 0.42759
1490 109 0.45809
1491 1515 0.011697
1492 1667 0.32974
1493 1692 0.35393
1494 1447 0.50727
1495 555 0.35212
1496 79 0.38813
1497 1599 0.14145
1498 1515 0.45358
1499 1509 0.27523
1500 1527 0.013892
1501 1528 0.0092245
1502 1078 0.54153
1503 1340 0.37905
1504 1445 0.22278
1505 1424 0.18986
1506 1561 0.20307
1507 1341 0.23385
1508 1338 0.37875
1509 1222 0.51359
1510 1536 0.050058
1511 1537 0.019487
1512 1146 0.13947
1513 1606 0.18929
1514 893 0.48545
1515 516 0.42666
1516 1659 0.37025
1517 1146 0.1355
1518 1118 0.4097
1519 258 0.38764
1520 197 0.34703
1521 190 0.36666
1522 468 0.3198
1523 1548 0.020041
1524 1555 0.015235
1525 1205 0.41376
1526 70 0.38402
1527 788 0.45175
1528 537 0.39762
1529 1092 0.4417
1530 825 0.40525
1531 1559 0.17761
1532 779 0.30678
1533 1097 0.3502
1534 1481 0.22125
1535 521 0.39865
1536 1409 0.44846
1537 501 0.302
1538 500 0.38136
1539 1664 0.43707
1540 1570 0.091443
1541 835 0.42548
1542 1285 0.40474
1543 1717 0.39658
1544 631 0.36631
1545 1136 0.4521
1546 1064 0.31429
1547 1500 0.32072
1548 1686 0.46483
1549 1043 0.38844
1550 290 0.36492
1551 1 0.30584
1552 860 0.41363
1553 558 0.43271
1554 144 0.38326
1555 158 0.37712
1556 814 0.4056
1557 580 0.3424
1558 1188 0.3957
1559 421 0.44957
1560 1005 0.26419
1561 692 0.45496
1562 995 0.33755
1563 1481 0.68637
1564 1601 0.13284
1565 293 0.44115
1566 958 0.32215
1567 1421 0.40094
1568 770 0.33802
1569 1708 0.078365
1570 616 0.31425
1571 1405 0.28535
1572 1146 0.1585
1573 1561 0.20329
1574 1303 0.46042
1575 1146 0.16115
1576 857 0.46091
1577 958 0.46822
1578 750 0.36761
1579 965 0.48846
1580 793 0.43566
1581 1617 0.22492
1582 1618 0.29674
1583 819 0.45329
1584 445 0.40857
1585 1529 0.34098
1586 1708 0.36639
1587 1147 0.2333
1588 1726 0.29911
1589 1561 0.14599
1590 1027 0.37799
1591 675 0.48861
1592 1630 0.28497
1593 1308 0.2928
1594 1629 0.0029377
1595 442 0.43082
1596 682 0.37895
1597 292 0.30142
1598 269 0.47872
1599 1107 0.36296
1600 1391 0.29189
1601 195 0.35306
1602 353 0.46173
1603 1132 0.32298
1604 1644 0.019968
1605 1442 0.42691
1606 1646 0.015652
1607 1647 0.020971
1608 472 0.41348
1609 1651 0.028358
1610 1652 0.026999
1611 1650 0.0050625
1612 1653 0.011948
1613 1417 0.32677
1614 1654 0.091558
1615 1655 0.12627
1616 597 0.3489
1617 598 0.33711
1618 1660 0.033626
1619 996 0.29458
1620 303 0.29903
1621 1148 0.36015
1622 254 0.37284
1623 1664 0.0035634
1624 650 0.42741
1625 1087 0.42924
1626 1669 0.0067116
1627 738 0.44374
1628 1670 0.004316
1629 1671 0.0012423
1630 753 0.40156
1631 51 0.38105
1632 46 0.43693
1633 47 0.45908
1634 1674 0.16486
1635 1675 0.2417
1636 883 0.39912
1637 1676 0.013381
1638 1590 0.38221
1639 805 0.41173
1640 864 0.43557
1641 1505 0.27164
1642 695 0.47646
1643 1689 0.093504
1644 1691 0.032848
1645 1692 0.035057
1646 302 0.37988
1647 1726 0.15796
1648 677 0.44305
1649 695 0.31863
1650 1701 0.0056615
1651 1339 0.31976
1652 617 0.43002
1653 149 0.37253
1654 484 0.41796
1655 842 0.37216
1656 509 0.42277
1657 1714 0.01524
1658 1401 0.42969
1659 1681 0.36131
1660 1659 0.42964
1661 644 0.41162
1662 1438 0.36939
1663 1707 0.31277
1664 1720 0.086977
1665 1413 0.32992
1666 1350 0.33579
1667 669 0.3875
1668 1005 0.32558
1669 794 0.455
1670 1445 0.3775
1671 1477 0.17551
1672 1723 0.26868
1673 1145 0.47905
1674 200 0.41172
1675 714 0.44768
1676 1726 0.15531
1677 1726 0.098331
1678 1359 0.40491
