1023
1 749 0.40757
2 200 0.43191
3 635 0.3515
4 747 0.37883
5 52 0.42197
6 233 0.43468
7 26 0.40734
8 605 0.53429
9 845 0.4074
10 362 0.43408
11 907 0.50122
12 17 0.48415
13 478 0.31468
14 612 0.47616
15 173 0.4933
16 729 0.44342
17 451 0.39422
18 721 0.38697
19 917 0.45383
20 506 0.55102
21 637 0.43903
22 394 0.34511
23 491 0.42156
24 7 0.056665
25 83 0.436
26 343 0.3828
27 744 0.43162
28 745 0.43799
29 23 0.052729
30 363 0.32455
31 879 0.42215
32 27 0.14361
33 25 0.40014
34 813 0.29136
35 456 0.4063
36 375 0.37752
37 100 0.53999
38 367 0.31373
39 22 0.43188
40 972 0.35813
41 757 0.40759
42 633 0.41129
43 619 0.37336
44 669 0.50625
45 58 0.36779
46 351 0.14535
47 43 0.1079
48 4 0.47658
49 461 0.45073
50 692 0.48641
51 772 0.34813
52 1019 0.35402
53 626 0.40837
54 992 0.29783
55 993 0.34736
56 209 0.31275
57 495 0.37052
58 349 0.31428
59 170 0.34308
60 171 0.39301
61 360 0.24362
62 627 0.37527
63 805 0.40943
64 51 0.51088
65 972 0.5174
66 598 0.56995
67 779 0.42089
68 621 0.38849
69 207 0.50245
70 394 0.35486
71 100 0.48782
72 410 0.40439
73 755 0.37294
74 602 0.33036
75 80 0.26883
76 877 0.35627
77 71 0.39574
78 588 0.44959
79 753 0.426
80 30 0.27122
81 628 0.42776
82 360 0.54001
83 91 0.357
84 303 0.3871
85 189 0.48315
86 391 0.49063
87 192 0.51396
88 184 0.42348
89 628 0.44717
90 932 0.44357
91 25 0.3175
92 670 0.43267
93 585 0.32786
94 879 0.27546
95 11 0.39734
96 491 0.33232
97 866 0.3563
98 100 0.44366
99 342 0.36601
100 889 0.31071
101 669 0.36313
102 801 0.42656
103 55 0.43603
104 8 0.44588
105 416 0.37865
106 324 0.49205
107 343 0.48267
108 115 0.40507
109 895 0.37882
110 991 0.49563
111 225 0.39805
112 410 0.40886
113 497 0.51572
114 619 0.51669
115 213 0.4253
116 82 0.02258
117 664 0.46278
118 161 0.4563
119 931 0.40272
120 80 0.38184
121 747 0.33379
122 665 0.46091
123 5 0.43352
124 51 0.39956
125 410 0.35689
126 431 0.47721
127 999 0.50383
128 627 0.37281
129 107 0.29977
130 819 0.48848
131 64 0.41996
132 162 0.49364
133 290 0.38759
134 133 0.31955
135 99 0.26608
136 282 0.43013
137 419 0.37381
138 429 0.20924
139 992 0.39653
140 616 0.23235
141 231 0.38332
142 146 0.34354
143 848 0.4889
144 494 0.43958
145 9 0.55105
146 770 0.49733
147 77 0.32755
148 21 0.40889
149 131 0.37864
150 412 0.42931
151 738 0.47338
152 255 0.3918
153 45 0.40746
154 612 0.34415
155 613 0.34888
156 595 0.38027
157 73 0.38643
158 55 0.28183
159 189 0.46554
160 8 0.46036
161 1005 0.32405
162 55 0.34785
163 417 0.42508
164 371 0.43654
165 591 0.40718
166 118 0.038032
167 892 0.33165
168 756 0.36536
169 136 0.40279
170 624 0.30143
171 601 0.34498
172 938 0.33153
173 713 0.29989
174 291 0.32125
175 743 0.41797
176 422 0.35051
177 146 0.33122
178 744 0.32229
179 598 0.29768
180 56 0.4614
181 372 0.29844
182 901 0.41425
183 356 0.39606
184 434 0.12925
185 569 0.39603
186 655 0.31081
187 640 0.32551
188 568 0.28878
189 868 0.31447
190 749 0.27942
191 624 0.32953
192 100 0.429
193 899 0.36219
194 55 0.34133
195 30 0.31899
196 139 0.45926
197 504 0.43445
198 12 0.49184
199 437 0.33346
200 136 0.35779
201 598 0.35372
202 636 0.36397
203 249 0.36878
204 756 0.33608
205 986 0.42899
206 135 0.46716
207 705 0.44579
208 376 0.40768
209 172 0.30363
210 366 0.24307
211 367 0.23638
212 9 0.39075
213 352 0.57239
214 846 0.39902
215 625 0.32883
216 997 0.16961
217 172 0.33232
218 487 0.45106
219 492 0.45692
220 1003 0.32792
221 172 0.25739
222 167 0.13436
223 643 0.26488
224 946 0.45243
225 596 0.49573
226 429 0.31033
227 379 0.38474
228 900 0.40314
229 172 0.36527
230 366 0.51688
231 160 0.57708
232 632 0.40554
233 839 0.46722
234 172 0.32568
235 492 0.48625
236 429 0.44284
237 106 0.39695
238 286 0.37446
239 625 0.43845
240 1022 0.5621
241 744 0.42737
242 406 0.37
243 623 0.39526
244 76 0.3912
245 578 0.35226
246 823 0.51974
247 324 0.53004
248 180 0.48205
249 296 0.44706
250 607 0.41319
251 249 0.43664
252 84 0.37756
253 935 0.44181
254 250 0.4757
255 379 0.23643
256 917 0.36487
257 186 0.06272
258 423 0.36191
259 574 0.4032
260 307 0.36671
261 545 0.54316
262 502 0.51307
263 72 0.28236
264 948 0.3996
265 779 0.43084
266 541 0.35674
267 611 0.47294
268 16 0.33547
269 405 0.48001
270 670 0.48052
271 974 0.57121
272 716 0.37129
273 438 0.43474
274 322 0.36953
275 311 0.52035
276 154 0.32642
277 261 0.42078
278 794 0.40791
279 519 0.41767
280 246 0.32755
281 8 0.36581
282 762 0.45317
283 509 0.35553
284 233 0.4
285 496 0.48875
286 285 0.49446
287 219 0.33409
288 935 0.46962
289 440 0.37008
290 261 0.46349
291 501 0.2358
292 693 0.54525
293 538 0.50496
294 981 0.29574
295 225 0.017008
296 623 0.31359
297 980 0.31313
298 981 0.28324
299 1015 0.4155
300 1023 0.30803
301 519 0.45082
302 228 0.12633
303 388 0.41025
304 603 0.41207
305 216 0.37401
306 502 0.60686
307 437 0.39455
308 458 0.40324
309 482 0.17369
310 243 0.006592
311 244 0.0041928
312 307 0.43704
313 246 0.045919
314 826 0.33557
315 326 0.36991
316 247 0.009233
317 172 0.29826
318 880 0.37036
319 773 0.36003
320 379 0.39919
321 379 0.45013
322 233 0.45371
323 85 0.30496
324 882 0.27744
325 809 0.36292
326 400 0.47023
327 157 0.40766
328 670 0.42368
329 55 0.38537
330 364 0.33823
331 973 0.36457
332 972 0.34354
333 480 0.5369
334 248 0.5057
335 846 0.40859
336 682 0.27985
337 680 0.3827
338 99 0.31054
339 268 0.003901
340 529 0.29402
341 246 0.43014
342 756 0.31474
343 46 0.29637
344 541 0.26917
345 45 0.48316
346 682 0.28566
347 800 0.47583
348 197 0.47585
349 175 0.37457
350 563 0.45329
351 127 0.40954
352 702 0.22528
353 514 0.81038
354 817 0.3462
355 61 0.69394
356 826 0.07074
357 827 0.079123
358 548 0.23704
359 716 0.48877
360 249 0.45569
361 667 0.25878
362 302 0.027775
363 852 0.10774
364 320 0.014841
365 321 0.020523
366 852 0.27661
367 120 0.40249
368 320 0.026766
369 321 0.034476
370 557 0.016771
371 558 0.039909
372 445 0.25738
373 445 0.28376
374 445 0.20749
375 997 0.29953
376 486 0.37207
377 341 0.20103
378 620 0.44799
379 602 0.37867
380 935 0.45294
381 343 0.029358
382 121 0.39474
383 691 0.44929
384 437 0.35701
385 187 0.42037
386 580 0.44933
387 622 0.53946
388 21 0.37844
389 22 0.44049
390 485 0.44871
391 937 0.47237
392 206 0.40965
393 805 0.40189
394 609 0.29107
395 76 0.32897
396 58 0.40349
397 705 0.35273
398 598 0.36723
399 51 0.48085
400 275 0.38703
401 470 0.42224
402 412 0.45138
403 109 0.39624
404 376 0.46376
405 233 0.45278
406 366 0.35708
407 434 0.3994
408 118 0.43822
409 382 0.048377
410 625 0.36489
411 539 0.42954
412 776 0.41186
413 34 0.40584
414 996 0.3596
415 496 0.33687
416 612 0.45417
417 62 0.30993
418 608 0.32457
419 935 0.50428
420 34 0.4551
421 610 0.49637
422 364 0.44007
423 207 0.44117
424 774 0.39162
425 28 0.4202
426 402 0.32559
427 71 0.059354
428 191 0.28668
429 515 0.4383
430 865 0.31519
431 398 0.013139
432 394 0.082992
433 994 0.42105
434 671 0.42772
435 354 0.29166
436 19 0.51301
437 34 0.4328
438 458 0.43254
439 151 0.52437
440 673 0.37501
441 117 0.41392
442 429 0.27408
443 454 0.53181
444 90 0.42487
445 376 0.46815
446 12 0.52115
447 132 0.3501
448 408 0.02047
449 909 0.39636
450 908 0.37285
451 605 0.36984
452 471 0.42729
453 125 0.42913
454 604 0.37319
455 636 0.27856
456 130 0.39485
457 865 0.30845
458 406 0.28991
459 100 0.36133
460 397 0.31723
461 96 0.4236
462 393 0.40374
463 102 0.35614
464 621 0.41058
465 383 0.35922
466 605 0.35916
467 806 0.29629
468 443 0.53631
469 444 0.452
470 78 0.48904
471 162 0.49978
472 568 0.30466
473 787 0.4057
474 390 0.51199
475 970 0.36833
476 385 0.51508
477 140 0.33159
478 744 0.36849
479 77 0.3586
480 1026 0.42163
481 1011 0.38189
482 131 0.43973
483 457 0.42407
484 57 0.3619
485 428 0.42377
486 470 0.4078
487 882 0.14286
488 568 0.30641
489 364 0.5305
490 982 0.28928
491 681 0.30987
492 730 0.45218
493 643 0.23293
494 273 0.39765
495 528 0.44551
496 356 0.28777
497 1010 0.34526
498 860 0.34543
499 565 0.3014
500 126 0.41669
501 443 0.41403
502 978 0.54214
503 453 0.022074
504 1010 0.17626
505 264 0.44209
506 420 0.36778
507 791 0.51096
508 757 0.34541
509 87 0.3231
510 791 0.49431
511 170 0.42885
512 1029 0.17833
513 715 0.41383
514 429 0.32183
515 549 0.36099
516 430 0.34039
517 682 0.50102
518 484 0.39583
519 51 0.42323
520 72 0.48033
521 936 0.43137
522 276 0.46472
523 839 0.41949
524 180 0.049572
525 154 0.31537
526 39 0.49355
527 913 0.47902
528 252 0.49021
529 261 0.44548
530 401 0.39309
531 1029 0.41285
532 987 0.38149
533 650 0.36006
534 160 0.37029
535 57 0.47124
536 424 0.42913
537 606 0.49308
538 805 0.51844
539 829 0.51767
540 958 0.15314
541 475 0.0049464
542 52 0.41793
543 879 0.48743
544 384 0.48461
545 858 0.33
546 193 0.43405
547 752 0.48524
548 953 0.31777
549 180 0.37445
550 910 0.19757
551 694 0.41055
552 630 0.44756
553 888 0.29963
554 422 0.47095
555 527 0.47288
556 487 0.12197
557 219 0.63055
558 108 0.52261
559 492 0.41633
560 589 0.37999
561 826 0.26697
562 120 0.42822
563 565 0.35365
564 493 0.010598
565 886 0.40396
566 981 0.24106
567 812 0.36472
568 615 0.45
569 515 0.54895
570 270 0.55457
571 565 0.24325
572 46 0.33885
573 470 0.4219
574 268 0.34359
575 606 0.45505
576 578 0.50988
577 583 0.36599
578 541 0.46763
579 159 0.33593
580 416 0.34322
581 224 0.31794
582 508 0.0077409
583 507 0.0060784
584 162 0.46488
585 512 0.024044
586 82 0.35352
587 534 0.36767
588 353 0.34405
589 249 0.095352
590 123 0.43663
591 931 0.41244
592 294 0.42296
593 5 0.42468
594 771 0.41976
595 84 0.36401
596 286 0.37837
597 635 0.39436
598 524 0.4413
599 280 0.28094
600 549 0.40084
601 279 0.16093
602 955 0.3001
603 135 0.46215
604 18 0.44272
605 1010 0.36726
606 443 0.62951
607 152 0.30105
608 549 0.0075266
609 550 0.022543
610 145 0.42725
611 416 0.32684
612 780 0.42129
613 405 0.4817
614 228 0.49175
615 437 0.54804
616 509 0.34455
617 12 0.43679
618 26 0.43279
619 382 0.51428
620 597 0.48859
621 937 0.42582
622 13 0.34213
623 915 0.46145
624 28 0.34668
625 354 0.31324
626 366 0.29558
627 751 0.35571
628 260 0.40245
629 931 0.36692
630 761 0.40981
631 577 0.0066884
632 355 0.078969
633 732 0.41589
634 576 0.027897
635 635 0.43976
636 954 0.44721
637 58 0.44618
638 573 0.31872
639 488 0.33114
640 186 0.41602
641 613 0.47383
642 242 0.3883
643 405 0.32571
644 422 0.28712
645 52 0.41562
646 930 0.37825
647 366 0.33661
648 108 0.40486
649 402 0.29647
650 225 0.36286
651 192 0.32089
652 586 0.33074
653 613 0.45649
654 363 0.39183
655 55 0.29284
656 471 0.37037
657 381 0.34651
658 491 0.39694
659 621 0.49961
660 875 0.41156
661 992 0.30777
662 623 0.38286
663 874 0.37143
664 109 0.25843
665 563 0.32831
666 610 0.012217
667 996 0.38233
668 625 0.36948
669 427 0.53615
670 617 0.4164
671 583 0.30349
672 273 0.37817
673 509 0.30057
674 624 0.046943
675 625 0.070868
676 819 0.49746
677 195 0.39631
678 632 0.086112
679 633 0.098579
680 634 0.16658
681 147 0.25757
682 745 0.33321
683 102 0.35063
684 766 0.25648
685 535 0.38758
686 619 0.34634
687 977 0.32144
688 874 0.41754
689 667 0.2401
690 563 0.34386
691 641 0.032257
692 958 0.31425
693 126 0.39205
694 644 0.0063502
695 642 0.47167
696 174 0.54688
697 988 0.33325
698 139 0.41928
699 147 0.20138
700 1022 0.36276
701 276 0.41395
702 392 0.38666
703 824 0.30656
704 495 0.42512
705 446 0.41406
706 977 0.47191
707 342 0.44504
708 286 0.48561
709 518 0.34828
710 951 0.41396
711 772 0.37258
712 771 0.44368
713 658 0.047254
714 606 0.37294
715 16 0.3503
716 364 0.4297
717 239 0.49418
718 1010 0.33112
719 248 0.41504
720 691 0.43249
721 401 0.34123
722 785 0.45177
723 249 0.349
724 667 0.20379
725 308 0.32469
726 493 0.35619
727 672 0.0048859
728 673 0.0040507
729 763 0.51652
730 819 0.4853
731 509 0.50579
732 1001 0.37861
733 249 0.38398
734 679 0.002165
735 682 0.0029872
736 681 0.015525
737 50 0.3218
738 581 0.37462
739 523 0.077906
740 683 0.013591
741 417 0.43899
742 85 0.44769
743 686 0.010766
744 685 0.015059
745 697 0.31539
746 698 0.27384
747 448 0.40664
748 697 0.26262
749 826 0.23841
750 827 0.23659
751 563 0.51983
752 761 0.47752
753 539 0.51243
754 457 0.37406
755 461 0.35651
756 130 0.3292
757 633 0.36254
758 397 0.43481
759 80 0.45391
760 747 0.48379
761 731 0.0068531
762 348 0.28721
763 732 0.014479
764 970 0.35844
765 756 0.40006
766 428 0.35989
767 760 0.43259
768 870 0.39964
769 738 0.0097358
770 739 0.0089454
771 743 0.017919
772 570 0.42424
773 58 0.43728
774 573 0.32298
775 129 0.37401
776 437 0.44746
777 118 0.3574
778 123 0.33958
779 975 0.45268
780 669 0.48763
781 747 0.022391
782 34 0.34684
783 370 0.44307
784 749 0.315
785 411 0.43932
786 583 0.33265
787 640 0.29546
788 70 0.4017
789 421 0.35268
790 35 0.44633
791 867 0.41397
792 1030 0.38674
793 118 0.47254
794 523 0.45363
795 363 0.19961
796 362 0.22379
797 724 0.29387
798 598 0.36818
799 887 0.51534
800 679 0.29543
801 565 0.30248
802 386 0.56069
803 397 0.32257
804 568 0.3386
805 450 0.44986
806 444 0.28925
807 1011 0.407
808 1028 0.5593
809 683 0.46053
810 369 0.40824
811 450 0.18713
812 785 0.0093445
813 786 0.0086909
814 600 0.35688
815 379 0.46181
816 980 0.41948
817 1015 0.48461
818 129 0.50479
819 288 0.39964
820 703 0.4669
821 487 0.40539
822 52 0.40449
823 53 0.60387
824 999 0.4884
825 506 0.36136
826 247 0.39959
827 54 0.40515
828 500 0.36562
829 643 0.37833
830 888 0.32444
831 762 0.40873
832 27 0.39316
833 305 0.3961
834 263 0.42281
835 580 0.39687
836 791 0.31238
837 814 0.006242
838 305 0.36647
839 822 0.1509
840 404 0.53227
841 695 0.10405
842 825 0.067848
843 319 0.45445
844 780 0.39356
845 271 0.46278
846 313 0.46486
847 288 0.31543
848 840 0.0039376
849 841 0.0069859
850 962 0.0087887
851 916 0.34554
852 997 0.22543
853 634 0.5157
854 632 0.45118
855 372 0.36539
856 353 0.453
857 362 0.46226
858 871 0.042554
859 91 0.31913
860 613 0.40959
861 933 0.39189
862 955 0.40152
863 763 0.37029
864 713 0.3625
865 860 0.46267
866 55 0.43236
867 761 0.4343
868 40 0.49105
869 130 0.35576
870 64 0.42929
871 436 0.34217
872 885 0.0056577
873 152 0.40634
874 952 0.25106
875 829 0.4619
876 701 0.4451
877 706 0.52811
878 892 0.015343
879 776 0.37473
880 639 0.5115
881 893 0.0083376
882 793 0.084942
883 824 0.29684
884 899 0.0042976
885 900 0.052019
886 110 0.30232
887 276 0.3361
888 906 0.012909
889 908 0.0061401
890 909 0.0024813
891 277 0.45892
892 223 0.40232
893 72 0.53548
894 568 0.49277
895 835 0.10157
896 1028 0.46364
897 920 0.011638
898 921 0.0046948
899 922 0.0017063
900 51 0.38394
901 489 0.37916
902 367 0.37359
903 402 0.32377
904 932 0.013361
905 623 0.29625
906 508 0.41609
907 80 0.29232
908 860 0.37957
909 144 0.43871
910 136 0.38851
911 938 0.045724
912 886 0.31474
913 759 0.4231
914 758 0.36099
915 404 0.41651
916 851 0.26055
917 603 0.48995
918 749 0.43116
919 418 0.38856
920 273 0.29943
921 547 0.26915
922 944 0.003066
923 738 0.49412
924 947 0.020811
925 948 0.018388
926 220 0.40257
927 226 0.43902
928 362 0.39475
929 987 0.35357
930 539 0.4951
931 122 0.48151
932 849 0.45971
933 152 0.48604
934 954 0.0032548
935 955 0.0019322
936 1006 0.26656
937 782 0.49484
938 824 0.58579
939 874 0.34011
940 305 0.41057
941 350 0.45635
942 819 0.31094
943 825 0.46481
944 957 0.0015902
945 958 0.0018992
946 521 0.23743
947 274 0.29281
948 988 0.21173
949 959 0.0017155
950 960 0.0017977
951 962 0.0022598
952 974 0.01382
953 889 0.33982
954 384 0.39279
955 458 0.45128
956 362 0.32688
957 570 0.39652
958 755 0.4087
959 975 0.054167
960 81 0.68723
961 781 0.58059
962 831 0.32351
963 874 0.45928
964 487 0.44416
965 1001 0.50429
966 717 0.46678
967 449 0.28895
968 819 0.30076
969 826 0.067981
970 827 0.079716
971 988 0.12715
972 988 0.0025446
973 990 0.011357
974 625 0.38353
975 446 0.3621
976 755 0.45186
977 135 0.44208
978 749 0.24765
979 848 0.32023
980 384 0.39011
981 996 0.158
982 147 0.22834
983 998 0.11933
984 198 0.58124
985 157 0.50329
986 910 0.39241
987 643 0.596
988 999 0.0052166
989 999 0.3962
990 457 0.40752
991 1004 0.0018152
992 1005 0.0021251
993 927 0.18684
994 1005 0.19204
995 988 0.2452
996 886 0.55404
997 1029 0.44263
998 290 0.26806
999 671 0.4112
1000 1010 0.37431
1001 1010 0.36867
1002 158 0.41806
1003 825 0.30333
1004 952 0.34096
1005 872 0.37986
1006 535 0.38104
1007 671 0.35199
1008 1006 0.32771
1009 449 0.40554
1010 236 0.39551
1011 1003 0.26149
1012 276 0.33774
1013 276 0.3033
1014 904 0.31929
1015 257 0.47529
1016 680 0.39012
1017 157 0.38901
1018 918 0.11662
1019 988 0.2518
1020 450 0.23464
1021 334 0.48173
1022 326 0.3996
1023 841 0.4483
