1416
1 474 0.47714
2 328 0.41141
3 950 0.3539
4 403 0.45099
5 105 0.35195
6 157 0.42037
7 1172 0.34872
8 1291 0.43333
9 7 0.30453
10 511 0.38251
11 512 0.44294
12 513 0.36445
13 113 0.39564
14 293 0.34974
15 1177 0.34707
16 1104 0.44267
17 1170 0.46316
18 1171 0.43471
19 63 0.35867
20 15 0.022142
21 367 0.43634
22 1080 0.44901
23 160 0.44257
24 448 0.43565
25 1327 0.38877
26 141 0.53218
27 1272 0.40901
28 1007 0.36799
29 734 0.44364
30 25 0.45706
31 1086 0.45594
32 666 0.34178
33 604 0.31658
34 777 0.33086
35 1260 0.39916
36 1242 0.3832
37 13 0.016451
38 14 0.016073
39 374 0.32787
40 1323 0.41967
41 1169 0.41052
42 1241 0.3299
43 511 0.4219
44 661 0.4477
45 489 0.40651
46 815 0.34569
47 1111 0.35618
48 1178 0.40868
49 164 0.33945
50 569 0.38802
51 805 0.36207
52 531 0.44877
53 619 0.45822
54 1321 0.44295
55 218 0.38297
56 992 0.43722
57 549 0.45309
58 308 0.3795
59 36 0.021102
60 37 0.053954
61 130 0.43395
62 191 0.42179
63 123 0.47568
64 104 0.31443
65 664 0.34304
66 948 0.41779
67 330 0.38478
68 40 0.01317
69 575 0.41464
70 1273 0.4279
71 309 0.47913
72 566 0.30706
73 436 0.41896
74 1153 0.31376
75 928 0.38487
76 96 0.48354
77 569 0.42259
78 1243 0.27558
79 761 0.31518
80 1014 0.44102
81 149 0.41621
82 1164 0.38925
83 1439 0.22585
84 526 0.33791
85 1328 0.33012
86 1243 0.34769
87 623 0.50421
88 85 0.40559
89 86 0.39334
90 63 0.40845
91 245 0.34265
92 811 0.30919
93 341 0.43157
94 638 0.45413
95 1234 0.43166
96 984 0.34313
97 1234 0.42409
98 617 0.55909
99 97 0.58962
100 984 0.4064
101 992 0.41207
102 1308 0.4169
103 64 0.034346
104 65 0.039682
105 125 0.32288
106 723 0.30487
107 584 0.44909
108 1128 0.40528
109 1242 0.40254
110 1380 0.29678
111 899 0.34933
112 208 0.34984
113 692 0.31473
114 443 0.3216
115 980 0.39458
116 880 0.4035
117 69 0.46407
118 747 0.31297
119 755 0.3609
120 1257 0.44743
121 92 0.398
122 136 0.38709
123 776 0.43357
124 964 0.37266
125 383 0.33208
126 521 0.44824
127 589 0.51957
128 555 0.39378
129 1053 0.47385
130 1128 0.31777
131 584 0.45292
132 126 0.55536
133 707 0.47549
134 109 0.40995
135 162 0.36041
136 408 0.31894
137 494 0.3911
138 326 0.44
139 327 0.50315
140 90 0.35389
141 142 0.39573
142 997 0.38228
143 1163 0.3808
144 103 0.011869
145 617 0.36884
146 633 0.38446
147 816 0.37787
148 608 0.33603
149 1208 0.39383
150 118 0.32731
151 316 0.45936
152 120 0.018804
153 766 0.43746
154 119 0.036748
155 714 0.35727
156 432 0.45299
157 237 0.47084
158 714 0.32151
159 901 0.45013
160 1089 0.36866
161 131 0.20203
162 132 0.21666
163 177 0.37503
164 747 0.32864
165 738 0.41761
166 563 0.39576
167 1302 0.34001
168 720 0.040618
169 1395 0.29375
170 1161 0.34172
171 1238 0.45679
172 111 0.35552
173 1382 0.37169
174 984 0.3405
175 1186 0.33568
176 301 0.46262
177 592 0.4232
178 211 0.46621
179 1372 0.36226
180 503 0.4328
181 1095 0.42864
182 874 0.42045
183 510 0.51516
184 583 0.43224
185 1091 0.377
186 113 0.4645
187 954 0.42444
188 166 0.36924
189 381 0.46783
190 1298 0.49411
191 511 0.44076
192 1348 0.46652
193 126 0.48721
194 166 0.011923
195 497 0.34911
196 875 0.28758
197 108 0.31778
198 1209 0.35098
199 1374 0.42648
200 753 0.45779
201 250 0.31283
202 1008 0.29498
203 182 0.0094918
204 717 0.37914
205 511 0.36899
206 700 0.34062
207 192 0.040551
208 1271 0.26094
209 94 0.32512
210 237 0.39199
211 1129 0.3697
212 696 0.29204
213 198 0.030658
214 1193 0.40639
215 201 0.01599
216 965 0.38252
217 666 0.33163
218 503 0.46943
219 206 0.018177
220 1204 0.33606
221 473 0.41865
222 367 0.30801
223 901 0.45597
224 209 0.024029
225 1153 0.26007
226 1176 0.4453
227 212 0.0081444
228 208 0.017287
229 143 0.38091
230 665 0.36689
231 609 0.32585
232 211 0.01488
233 248 0.33806
234 224 0.028562
235 225 0.14968
236 577 0.41902
237 344 0.3819
238 1250 0.33037
239 924 0.51334
240 1126 0.43855
241 1411 0.25091
242 219 0.41881
243 610 0.3395
244 1407 0.353
245 1020 0.30057
246 1161 0.3093
247 1455 0.31742
248 451 0.44412
249 452 0.44887
250 1383 0.3802
251 450 0.3791
252 159 0.31185
253 1175 0.3274
254 1176 0.39665
255 1177 0.37347
256 1312 0.46425
257 181 0.45437
258 248 0.30489
259 428 0.36073
260 714 0.2699
261 546 0.36416
262 240 0.0081982
263 738 0.42207
264 698 0.46811
265 1213 0.3258
266 766 0.25038
267 1342 0.33862
268 263 0.05864
269 279 0.34294
270 496 0.34187
271 261 0.36645
272 254 0.42048
273 481 0.17946
274 270 0.03609
275 561 0.39564
276 1476 0.49979
277 1318 0.38201
278 159 0.29789
279 860 0.31196
280 1402 0.30164
281 407 0.19496
282 1113 0.29254
283 320 0.4865
284 1213 0.36548
285 1325 0.30977
286 1398 0.30446
287 407 0.27124
288 1217 0.3494
289 588 0.40546
290 1059 0.20414
291 1087 0.37934
292 271 0.33247
293 1034 0.36916
294 259 0.37464
295 1224 0.2122
296 1459 0.43899
297 1426 0.37484
298 1224 0.12301
299 1393 0.50392
300 323 0.55609
301 1420 0.36023
302 1462 0.32887
303 675 0.74546
304 148 0.69797
305 1139 0.17246
306 1257 0.39775
307 83 0.50425
308 1176 0.50133
309 1032 0.41091
310 1146 0.42856
311 714 0.36523
312 231 0.42297
313 715 0.41846
314 1379 0.44169
315 1378 0.44225
316 1311 0.45188
317 434 0.17533
318 299 0.01275
319 1291 0.39892
320 1466 0.30464
321 492 0.2986
322 476 0.47411
323 1420 0.4395
324 893 0.49403
325 1198 0.39416
326 1413 0.45548
327 293 0.44273
328 245 0.33344
329 1278 0.46682
330 51 0.39509
331 1333 0.46162
332 259 0.48566
333 348 0.3622
334 318 0.013972
335 1152 0.35032
336 1152 0.35466
337 40 0.32045
338 1059 0.23604
339 123 0.33651
340 757 0.45425
341 227 0.40453
342 887 0.41619
343 235 0.39202
344 1123 0.42901
345 331 0.019273
346 489 0.38705
347 137 0.33725
348 641 0.34162
349 1343 0.42826
350 1015 0.55491
351 1186 0.44654
352 426 0.46633
353 958 0.45735
354 118 0.36536
355 520 0.4745
356 440 0.41189
357 948 0.44548
358 970 0.40137
359 814 0.35417
360 1240 0.47853
361 637 0.34644
362 356 0.047222
363 1186 0.43658
364 901 0.40543
365 60 0.3936
366 186 0.39103
367 746 0.41321
368 492 0.32543
369 361 0.0062686
370 258 0.50501
371 213 0.5167
372 777 0.48104
373 616 0.37729
374 236 0.39059
375 373 0.05024
376 965 0.44234
377 1223 0.29306
378 876 0.43142
379 686 0.36217
380 95 0.38856
381 1055 0.50519
382 452 0.46051
383 945 0.4685
384 376 0.012262
385 1481 0.41215
386 1114 0.40695
387 389 0.10738
388 391 0.012779
389 1343 0.325
390 664 0.43307
391 1237 0.33383
392 612 0.43229
393 346 0.44397
394 395 0.0066833
395 1212 0.2519
396 397 0.11656
397 770 0.44143
398 1302 0.42962
399 1184 0.36779
400 1429 0.35131
401 1129 0.36194
402 206 0.464
403 401 0.0064428
404 682 0.42797
405 400 0.0045734
406 179 0.34023
407 773 0.39389
408 749 0.44249
409 704 0.48575
410 1153 0.33044
411 1154 0.34702
412 1153 0.34682
413 1318 0.38754
414 370 0.40543
415 669 0.32896
416 436 0.12212
417 1234 0.46031
418 432 0.02772
419 10 0.51727
420 1068 0.47525
421 1068 0.42697
422 468 0.47099
423 876 0.26738
424 1481 0.31414
425 149 0.35509
426 1041 0.33588
427 465 0.15013
428 62 0.47112
429 636 0.43461
430 1374 0.34367
431 893 0.38304
432 1179 0.45283
433 194 0.4086
434 469 0.037688
435 1174 0.38922
436 929 0.54049
437 464 0.021304
438 856 0.49481
439 1002 0.33486
440 472 0.21582
441 470 0.3522
442 471 0.11262
443 341 0.42309
444 1129 0.42245
445 438 0.402
446 798 0.43215
447 502 0.39678
448 321 0.3826
449 258 0.44337
450 1430 0.36024
451 1490 0.42836
452 493 0.032689
453 494 0.057169
454 88 0.41076
455 713 0.44201
456 317 0.4191
457 1128 0.37313
458 93 0.40554
459 738 0.4166
460 1343 0.43249
461 1410 0.44571
462 361 0.23355
463 450 0.48424
464 218 0.36963
465 142 0.50021
466 1071 0.42563
467 1382 0.40651
468 240 0.36163
469 981 0.41782
470 1005 0.37119
471 1005 0.35955
472 825 0.39672
473 719 0.36713
474 472 0.36534
475 390 0.36174
476 1317 0.41977
477 211 0.46663
478 1028 0.45266
479 880 0.39364
480 475 0.32439
481 815 0.34915
482 1483 0.37142
483 521 0.34236
484 522 0.39101
485 1409 0.3737
486 1311 0.42395
487 1331 0.39516
488 186 0.50899
489 974 0.37068
490 712 0.46197
491 311 0.39668
492 620 0.46581
493 20 0.4788
494 948 0.45065
495 638 0.35735
496 1423 0.32257
497 1402 0.31876
498 1234 0.45833
499 478 0.36513
500 466 0.33416
501 707 0.33648
502 708 0.38419
503 798 0.30754
504 320 0.37751
505 973 0.38375
506 459 0.34466
507 475 0.38813
508 1409 0.42666
509 63 0.36536
510 743 0.41404
511 1177 0.39544
512 961 0.41214
513 904 0.37244
514 92 0.39645
515 755 0.49453
516 689 0.50523
517 1420 0.52149
518 309 0.44687
519 738 0.50358
520 17 0.52905
521 745 0.38948
522 139 0.43455
523 1383 0.38695
524 489 0.41059
525 190 0.38741
526 229 0.38454
527 197 0.39266
528 954 0.35152
529 1315 0.29213
530 491 0.40101
531 158 0.43996
532 183 0.36775
533 78 0.42039
534 4 0.35478
535 1348 0.30636
536 1349 0.42334
537 676 0.38759
538 630 0.47398
539 413 0.56339
540 814 0.44745
541 1397 0.32006
542 936 0.33755
543 15 0.32512
544 738 0.35742
545 1280 0.34094
546 635 0.022999
547 240 0.39908
548 405 0.29484
549 637 0.027879
550 1295 0.4065
551 109 0.35776
552 246 0.4118
553 950 0.41258
554 80 0.37888
555 652 0.065604
556 638 0.021843
557 66 0.3414
558 67 0.34326
559 641 0.010428
560 660 0.0343
561 445 0.39029
562 715 0.39684
563 1147 0.36748
564 59 0.3817
565 656 0.40017
566 1128 0.35221
567 604 0.34057
568 1310 0.40688
569 1380 0.41323
570 116 0.38533
571 221 0.34037
572 895 0.39828
573 1374 0.4057
574 769 0.38667
575 621 0.41571
576 584 0.37173
577 1194 0.37275
578 191 0.41182
579 1066 0.42269
580 780 0.41005
581 1492 0.35094
582 1199 0.41434
583 202 0.40125
584 388 0.3925
585 255 0.43162
586 364 0.50555
587 209 0.47803
588 1210 0.38563
589 94 0.33506
590 491 0.33919
591 683 0.020037
592 979 0.42144
593 430 0.42969
594 1272 0.40129
595 1261 0.26824
596 691 0.33753
597 1270 0.36193
598 688 0.024873
599 689 0.04768
600 760 0.46005
601 693 0.043075
602 61 0.36924
603 696 0.026386
604 555 0.37919
605 1368 0.34918
606 620 0.45778
607 1207 0.36686
608 712 0.028198
609 717 0.45793
610 686 0.38212
611 714 0.040752
612 968 0.35381
613 630 0.46145
614 1433 0.42253
615 718 0.066164
616 1270 0.31262
617 73 0.42657
618 832 0.38733
619 45 0.4309
620 13 0.36585
621 75 0.35365
622 775 0.34465
623 871 0.32778
624 953 0.3537
625 196 0.36817
626 901 0.32691
627 895 0.49673
628 681 0.34969
629 1344 0.3025
630 724 0.027766
631 1090 0.40552
632 775 0.35531
633 1008 0.42258
634 737 0.0059612
635 1376 0.27707
636 804 0.44381
637 162 0.13418
638 666 0.26765
639 766 0.2632
640 742 0.016372
641 743 0.023518
642 491 0.41311
643 1252 0.44851
644 557 0.49132
645 1090 0.35467
646 111 0.39411
647 374 0.36654
648 1145 0.38931
649 1249 0.40899
650 1398 0.38303
651 1005 0.34109
652 624 0.38926
653 186 0.38304
654 695 0.48127
655 1145 0.48504
656 215 0.34696
657 67 0.37278
658 753 0.0058064
659 566 0.29958
660 1020 0.30749
661 1237 0.28837
662 1002 0.37535
663 574 0.40907
664 27 0.414
665 664 0.43666
666 822 0.38049
667 608 0.38928
668 1172 0.42034
669 662 0.34267
670 438 0.42952
671 112 0.40774
672 1308 0.35602
673 781 0.36445
674 433 0.38037
675 241 0.43059
676 1396 0.31893
677 1423 0.37602
678 722 0.32638
679 780 0.0059966
680 392 0.47037
681 259 0.38556
682 1311 0.41298
683 1020 0.35986
684 787 0.0064516
685 279 0.3292
686 1238 0.3543
687 67 0.35215
688 1324 0.1818
689 1194 0.3712
690 107 0.43064
691 1424 0.30739
692 543 0.29648
693 790 0.015576
694 399 0.32592
695 791 0.018136
696 1029 0.25037
697 1359 0.32775
698 1486 0.35656
699 844 0.26001
700 240 0.35239
701 1021 0.33006
702 1390 0.27659
703 1480 0.20752
704 1020 0.22702
705 567 0.31823
706 917 0.41201
707 466 0.42558
708 795 0.33732
709 491 0.35859
710 847 0.098502
711 246 0.4858
712 537 0.22289
713 1424 0.45987
714 1071 0.45092
715 1180 0.3631
716 811 0.0096885
717 812 0.0070234
718 1013 0.37825
719 370 0.46366
720 1314 0.42851
721 99 0.41809
722 829 0.42745
723 977 0.39457
724 315 0.18326
725 255 0.48872
726 805 0.39524
727 1032 0.47053
728 930 0.47961
729 825 0.048709
730 441 0.30605
731 1147 0.39503
732 455 0.37365
733 935 0.47091
734 1150 0.45184
735 1423 0.38307
736 994 0.49452
737 17 0.49658
738 588 0.29767
739 833 0.32563
740 837 0.28853
741 1232 0.4719
742 850 0.39003
743 1206 0.40204
744 1410 0.35116
745 959 0.39913
746 738 0.37968
747 476 0.30914
748 1172 0.40155
749 840 0.024153
750 841 0.024922
751 87 0.39241
752 543 0.31456
753 697 0.46475
754 1172 0.47318
755 625 0.47924
756 416 0.5106
757 1467 0.48979
758 113 0.39163
759 930 0.41693
760 847 0.008426
761 851 0.0056301
762 813 0.37973
763 1153 0.33219
764 675 0.39014
765 961 0.35758
766 45 0.31815
767 711 0.52051
768 850 0.011167
769 852 0.041343
770 682 0.49535
771 1299 0.40686
772 861 0.028803
773 860 0.0050991
774 1123 0.37427
775 346 0.44868
776 808 0.31523
777 949 0.42345
778 1340 0.39504
779 872 0.0076604
780 1025 0.44127
781 83 0.39252
782 873 0.058731
783 874 0.028603
784 257 0.43724
785 466 0.3934
786 459 0.14268
787 1237 0.34157
788 214 0.40054
789 883 0.022586
790 651 0.4542
791 472 0.38428
792 1343 0.40077
793 669 0.41105
794 1294 0.52358
795 369 0.59908
796 884 0.031453
797 440 0.37034
798 1119 0.44495
799 1086 0.5
800 293 0.30683
801 1263 0.55988
802 374 0.45081
803 889 0.0057332
804 890 0.005874
805 539 0.35196
806 1203 0.39835
807 950 0.37839
808 608 0.43527
809 309 0.4366
810 1123 0.49339
811 543 0.35216
812 1153 0.38075
813 1138 0.27295
814 183 0.46507
815 1163 0.26227
816 948 0.3596
817 902 0.0086726
818 648 0.37075
819 173 0.50194
820 218 0.3417
821 1130 0.61366
822 174 0.38148
823 195 0.31017
824 149 0.44258
825 1291 0.44789
826 862 0.22501
827 293 0.38358
828 1112 0.2887
829 433 0.30659
830 677 0.31668
831 718 0.35366
832 568 0.37144
833 233 0.60414
834 1497 0.48094
835 922 0.50292
836 745 0.38961
837 220 0.34756
838 1274 0.47271
839 748 0.43934
840 259 0.31171
841 514 0.3657
842 428 0.27627
843 1135 0.30417
844 1136 0.25625
845 607 0.37355
846 795 0.21949
847 845 0.4146
848 963 0.46873
849 1160 0.37903
850 1156 0.43971
851 105 0.32153
852 49 0.33497
853 50 0.35853
854 139 0.37725
855 1091 0.34943
856 608 0.40895
857 38 0.35297
858 100 0.37948
859 412 0.41815
860 172 0.38855
861 735 0.41887
862 604 0.34655
863 857 0.34367
864 131 0.36794
865 517 0.33861
866 485 0.49816
867 956 0.017284
868 825 0.39304
869 1434 0.3372
870 6 0.34959
871 1236 0.35254
872 75 0.37836
873 73 0.33591
874 1160 0.38254
875 1158 0.039895
876 1159 0.033995
877 973 0.051211
878 127 0.29551
879 184 0.34176
880 686 0.27155
881 687 0.2042
882 972 0.031841
883 266 0.3663
884 164 0.33221
885 976 0.0039821
886 80 0.31343
887 79 0.32236
888 1261 0.2759
889 273 0.47902
890 1145 0.48974
891 699 0.40073
892 978 0.024461
893 979 0.027994
894 981 0.0060618
895 982 0.0097312
896 1070 0.33869
897 468 0.34913
898 998 0.39275
899 583 0.34927
900 986 0.014109
901 228 0.37082
902 229 0.34872
903 641 0.28127
904 1008 0.34783
905 1007 0.36758
906 1301 0.40034
907 985 0.010595
908 976 0.3529
909 1003 0.32967
910 540 0.33577
911 1085 0.41173
912 352 0.3556
913 163 0.37852
914 353 0.34958
915 214 0.28624
916 266 0.335
917 1177 0.46729
918 995 0.41607
919 1074 0.29586
920 992 0.02616
921 1219 0.3583
922 512 0.4085
923 1206 0.3475
924 75 0.42376
925 230 0.347
926 93 0.31806
927 13 0.40262
928 1218 0.39023
929 962 0.29338
930 1251 0.39642
931 308 0.38319
932 1321 0.29072
933 634 0.34056
934 184 0.33988
935 747 0.10216
936 389 0.46261
937 1005 0.0075417
938 1006 0.0063328
939 738 0.31871
940 186 0.32545
941 1011 0.059408
942 714 0.29125
943 1477 0.42838
944 656 0.43401
945 1016 0.0012344
946 721 0.37974
947 712 0.3811
948 950 0.39013
949 1426 0.33637
950 549 0.37987
951 381 0.44414
952 1445 0.4129
953 227 0.45134
954 1184 0.35314
955 156 0.31959
956 447 0.33714
957 1023 0.0033235
958 1196 0.36147
959 1331 0.3412
960 970 0.47547
961 776 0.39995
962 1222 0.056693
963 1024 0.0059659
964 1314 0.3804
965 1497 0.25723
966 715 0.35579
967 406 0.26125
968 1027 0.030182
969 883 0.4437
970 1029 0.017956
971 847 0.15094
972 283 0.26762
973 876 0.27029
974 288 0.44082
975 1038 0.12279
976 1038 0.014171
977 1039 0.01235
978 1364 0.40216
979 434 0.39527
980 1431 0.48268
981 66 0.46262
982 96 0.51005
983 1135 0.52614
984 717 0.3883
985 29 0.46
986 115 0.43409
987 193 0.44592
988 698 0.56293
989 610 0.40363
990 195 0.28039
991 132 0.39507
992 1042 0.0014471
993 702 0.4595
994 1233 0.14737
995 871 0.4657
996 1145 0.37363
997 833 0.35087
998 1331 0.36555
999 1211 0.48882
1000 714 0.36846
1001 529 0.37903
1002 838 0.438
1003 261 0.32574
1004 455 0.4175
1005 1015 0.40431
1006 1449 0.35171
1007 1055 0.018909
1008 777 0.42041
1009 1057 0.0057955
1010 968 0.5407
1011 1060 0.055867
1012 857 0.39229
1013 1015 0.41889
1014 1466 0.39035
1015 1063 0.04366
1016 454 0.50929
1017 1255 0.27458
1018 441 0.22022
1019 1282 0.40815
1020 1310 0.39652
1021 447 0.41846
1022 1075 0.020293
1023 1069 0.006863
1024 1074 0.023462
1025 1077 0.014595
1026 1078 0.0076736
1027 158 0.42606
1028 87 0.43181
1029 393 0.40584
1030 745 0.45011
1031 1490 0.51933
1032 994 0.56935
1033 195 0.44015
1034 1082 0.023338
1035 1485 0.37418
1036 1086 0.018005
1037 319 0.45896
1038 139 0.40595
1039 814 0.43907
1040 1340 0.40637
1041 1340 0.42314
1042 363 0.51111
1043 611 0.40887
1044 218 0.36352
1045 1090 0.36574
1046 1230 0.41027
1047 1309 0.47718
1048 1119 0.37211
1049 1100 0.021281
1050 35 0.45823
1051 250 0.33677
1052 208 0.37565
1053 903 0.19195
1054 942 0.46034
1055 1106 0.053505
1056 481 0.27919
1057 875 0.38621
1058 646 0.48069
1059 293 0.37975
1060 905 0.46497
1061 1374 0.43079
1062 1119 0.098973
1063 1120 0.40319
1064 681 0.41762
1065 1012 0.52665
1066 507 0.49688
1067 451 0.33244
1068 839 0.37893
1069 1242 0.39042
1070 1251 0.36602
1071 1430 0.5014
1072 1308 0.40731
1073 1267 0.44309
1074 672 0.41153
1075 191 0.42008
1076 1463 0.35533
1077 259 0.34313
1078 366 0.35181
1079 757 0.41208
1080 263 0.42665
1081 728 0.36529
1082 512 0.49004
1083 411 0.25497
1084 984 0.39702
1085 514 0.38441
1086 49 0.41517
1087 1144 0.33584
1088 984 0.41517
1089 608 0.35571
1090 786 0.39899
1091 110 0.44636
1092 949 0.35914
1093 35 0.39657
1094 1029 0.43254
1095 1158 0.013742
1096 1302 0.32169
1097 26 0.42559
1098 1165 0.011674
1099 1168 0.014447
1100 709 0.35831
1101 1170 0.0059752
1102 1171 0.0086466
1103 1239 0.46717
1104 1150 0.44109
1105 1178 0.071893
1106 936 0.52114
1107 781 0.20662
1108 1182 0.016858
1109 1183 0.021189
1110 745 0.36913
1111 1187 0.011578
1112 1188 0.014107
1113 367 0.3207
1114 1464 0.31597
1115 1074 0.25222
1116 1193 0.0077172
1117 1194 0.0083444
1118 1197 0.014813
1119 1200 0.014423
1120 1213 0.43073
1121 1199 0.013351
1122 1207 0.0051591
1123 658 0.36917
1124 616 0.26883
1125 480 0.34077
1126 360 0.36137
1127 692 0.37973
1128 17 0.33475
1129 831 0.2723
1130 1212 0.015725
1131 1315 0.3408
1132 884 0.36007
1133 984 0.33624
1134 1217 0.0073168
1135 1219 0.0081477
1136 815 0.39837
1137 1186 0.34968
1138 788 0.38327
1139 1016 0.35014
1140 548 0.35571
1141 315 0.2707
1142 1025 0.27067
1143 774 0.22692
1144 363 0.52093
1145 1356 0.45065
1146 1231 0.0032582
1147 1415 0.45623
1148 1105 0.48148
1149 555 0.50921
1150 971 0.42039
1151 422 0.43027
1152 1346 0.063139
1153 875 0.40785
1154 1234 0.008955
1155 1235 0.0092873
1156 399 0.36353
1157 1314 0.46632
1158 1113 0.40014
1159 246 0.40831
1160 1493 0.45949
1161 1238 0.0028357
1162 1071 0.35272
1163 69 0.37555
1164 1244 0.0075186
1165 1246 0.01133
1166 1247 0.010542
1167 1345 0.29425
1168 1248 0.04729
1169 1068 0.24089
1170 717 0.39587
1171 1259 0.013528
1172 342 0.36118
1173 436 0.40018
1174 1245 0.38268
1175 1263 0.0050729
1176 1264 0.010354
1177 1250 0.41816
1178 446 0.41047
1179 60 0.45933
1180 400 0.45968
1181 1269 0.038722
1182 1268 0.0087046
1183 292 0.41063
1184 956 0.46345
1185 743 0.38268
1186 1040 0.41043
1187 633 0.36531
1188 1277 0.011209
1189 371 0.4781
1190 432 0.43285
1191 1007 0.43844
1192 1128 0.42579
1193 1129 0.43202
1194 533 0.4939
1195 66 0.36773
1196 937 0.37677
1197 1113 0.17374
1198 1013 0.40796
1199 792 0.3718
1200 1359 0.41155
1201 1152 0.43449
1202 100 0.31075
1203 1233 0.38526
1204 1288 0.19615
1205 374 0.33821
1206 538 0.39665
1207 1311 0.39748
1208 89 0.36151
1209 1241 0.29553
1210 996 0.38163
1211 1028 0.45418
1212 429 0.4051
1213 436 0.40595
1214 669 0.37635
1215 540 0.31842
1216 1208 0.41939
1217 1305 0.0073546
1218 163 0.38492
1219 308 0.3926
1220 1001 0.38948
1221 1196 0.36183
1222 1309 0.0058984
1223 986 0.35985
1224 64 0.34156
1225 1310 0.013582
1226 718 0.3875
1227 1464 0.36929
1228 248 0.28385
1229 112 0.44209
1230 103 0.36744
1231 255 0.4762
1232 347 0.41968
1233 1318 0.29616
1234 1320 0.0024511
1235 245 0.40619
1236 1321 0.0064231
1237 1124 0.42604
1238 1209 0.037313
1239 1210 0.053762
1240 1315 0.38416
1241 960 0.38311
1242 713 0.39693
1243 1190 0.29468
1244 1327 0.037878
1245 563 0.36764
1246 1168 0.29123
1247 1128 0.35383
1248 641 0.27114
1249 266 0.311
1250 1390 0.37293
1251 65 0.44423
1252 321 0.37706
1253 675 0.46073
1254 883 0.39655
1255 1253 0.4242
1256 1420 0.47348
1257 855 0.45232
1258 1344 0.010405
1259 992 0.42465
1260 1350 0.017717
1261 360 0.37319
1262 314 0.34286
1263 1364 0.32623
1264 168 0.28782
1265 1353 0.0012519
1266 121 0.46744
1267 1092 0.35921
1268 1048 0.37577
1269 692 0.41234
1270 1345 0.40266
1271 1028 0.38147
1272 1220 0.39512
1273 1356 0.059881
1274 903 0.29523
1275 475 0.40538
1276 467 0.40521
1277 468 0.42521
1278 713 0.54219
1279 412 0.45088
1280 1274 0.21893
1281 1367 0.017192
1282 1368 0.01244
1283 809 0.39992
1284 1370 0.021674
1285 992 0.37881
1286 1372 0.012198
1287 1373 0.0096156
1288 1377 0.47797
1289 1352 0.51992
1290 738 0.39397
1291 480 0.39435
1292 1028 0.35033
1293 130 0.31367
1294 822 0.34786
1295 732 0.36863
1296 1380 0.027624
1297 1255 0.17613
1298 1497 0.23727
1299 104 0.48617
1300 1029 0.33907
1301 1197 0.39394
1302 1388 0.0045485
1303 1093 0.4069
1304 1389 0.25038
1305 915 0.22315
1306 1042 0.4373
1307 1389 0.34783
1308 1102 0.5878
1309 354 0.40216
1310 928 0.46349
1311 1240 0.50895
1312 1397 0.0020613
1313 1398 0.0027568
1314 158 0.49644
1315 1489 0.38039
1316 1499 0.48406
1317 1041 0.31645
1318 589 0.47317
1319 1057 0.40565
1320 946 0.4378
1321 298 0.36828
1322 994 0.39716
1323 179 0.32235
1324 1422 0.4055
1325 561 0.91839
1326 1166 0.45455
1327 68 0.36551
1328 1447 0.35539
1329 1002 0.28224
1330 539 0.28539
1331 1217 0.48579
1332 1205 0.41195
1333 700 0.41928
1334 1074 0.28719
1335 159 0.31894
1336 1458 0.41886
1337 654 0.40647
1338 1241 0.3336
1339 634 0.36741
1340 1464 0.39624
1341 232 0.37297
1342 1380 0.1456
1343 1458 0.37396
1344 1236 0.27051
1345 375 0.43131
1346 1438 0.0018949
1347 806 0.37606
1348 936 0.39013
1349 1446 0.053337
1350 293 0.41073
1351 498 0.38533
1352 1503 0.43987
1353 548 0.37242
1354 1499 0.39843
1355 244 0.35655
1356 1176 0.43111
1357 1177 0.44951
1358 1175 0.50168
1359 329 0.42445
1360 80 0.4107
1361 457 0.35246
1362 675 0.29426
1363 218 0.4386
1364 511 0.45742
1365 228 0.47277
1366 1298 0.404
1367 245 0.27723
1368 1279 0.50877
1369 957 0.48451
1370 1456 0.02178
1371 831 0.3387
1372 1377 0.39311
1373 216 0.39402
1374 1464 0.11699
1375 1466 0.29221
1376 1447 0.28775
1377 1467 0.012533
1378 808 0.45541
1379 813 0.36716
1380 249 0.38338
1381 1038 0.54678
1382 1407 0.43315
1383 1092 0.31846
1384 1472 0.02628
1385 1473 0.013115
1386 1474 0.0089771
1387 1476 0.013194
1388 1477 0.012804
1389 1478 0.016709
1390 1480 0.056317
1391 1020 0.20463
1392 1050 0.39881
1393 1485 0.0017151
1394 1489 0.0073843
1395 1490 0.0080768
1396 440 0.32137
1397 560 0.50423
1398 1463 0.29084
1399 1245 0.58833
1400 916 0.49094
1401 1392 0.36
1402 1463 0.33728
1403 1299 0.34559
1404 983 0.4287
1405 292 0.27703
1406 302 0.54575
1407 251 0.53117
1408 1282 0.25624
1409 798 0.47416
1410 1387 0.46632
1411 1224 0.091654
1412 244 0.44015
1413 366 0.31337
1414 1138 0.32975
1415 1138 0.33863
1416 1499 0.41185
