1727
1 78 0.44455
2 1238 0.39944
3 936 0.45021
4 202 0.38417
5 253 0.41069
6 1194 0.39934
7 53 0.39899
8 1224 0.3813
9 1429 0.38261
10 81 0.40393
11 714 0.39967
12 1250 0.45288
13 761 0.42884
14 149 0.37237
15 328 0.393
16 22 0.44094
17 225 0.34887
18 723 0.39219
19 1102 0.41628
20 910 0.40139
21 369 0.36362
22 540 0.44073
23 505 0.44724
24 237 0.39356
25 124 0.39157
26 1815 0.44006
27 1237 0.45309
28 1433 0.3469
29 24 0.08177
30 25 0.085644
31 1027 0.32489
32 1739 0.37397
33 999 0.38758
34 1626 0.37309
35 1584 0.40403
36 233 0.34062
37 686 0.38387
38 329 0.37262
39 490 0.398
40 470 0.35407
41 1315 0.40827
42 282 0.33433
43 877 0.38886
44 1795 0.46308
45 1590 0.42451
46 51 0.39316
47 215 0.38216
48 244 0.43938
49 736 0.45561
50 580 0.34165
51 109 0.31668
52 54 0.027263
53 194 0.37498
54 457 0.38981
55 770 0.40186
56 1711 0.42884
57 70 0.075223
58 307 0.46768
59 1595 0.41977
60 328 0.34281
61 154 0.45343
62 347 0.36539
63 1291 0.4141
64 475 0.36799
65 1311 0.39924
66 78 0.40291
67 74 0.35066
68 90 0.038249
69 91 0.12256
70 92 0.11188
71 858 0.37395
72 295 0.48568
73 970 0.40522
74 48 0.43173
75 1425 0.43551
76 781 0.44078
77 95 0.042694
78 1304 0.40411
79 328 0.38782
80 1378 0.35043
81 323 0.35137
82 538 0.31735
83 722 0.36655
84 200 0.36628
85 593 0.34528
86 295 0.35589
87 1609 0.26506
88 309 0.38364
89 946 0.36323
90 947 0.3194
91 1626 0.37308
92 1614 0.40976
93 727 0.38728
94 247 0.37708
95 1582 0.42042
96 791 0.32559
97 223 0.36804
98 1550 0.35727
99 913 0.31892
100 914 0.39083
101 717 0.32887
102 1170 0.38979
103 686 0.46559
104 348 0.44141
105 638 0.36715
106 213 0.31337
107 713 0.38381
108 724 0.35685
109 726 0.27942
110 470 0.37624
111 130 0.048201
112 276 0.34901
113 1167 0.43318
114 175 0.42949
115 1151 0.31853
116 127 0.38905
117 152 0.41374
118 518 0.39404
119 173 0.37642
120 328 0.40927
121 1526 0.42809
122 60 0.37431
123 394 0.36514
124 977 0.26983
125 580 0.27841
126 181 0.38651
127 640 0.36872
128 724 0.51935
129 950 0.54467
130 213 0.42028
131 779 0.38636
132 161 0.047555
133 1444 0.37359
134 1248 0.37276
135 1741 0.42701
136 848 0.34446
137 454 0.2942
138 453 0.28134
139 1716 0.30648
140 703 0.37818
141 1460 0.36163
142 1444 0.4647
143 1309 0.46047
144 1664 0.32046
145 379 0.46384
146 1361 0.41497
147 174 0.03907
148 1434 0.35142
149 1596 0.44072
150 1386 0.44205
151 168 0.098395
152 1626 0.33041
153 177 0.33035
154 219 0.37435
155 978 0.40138
156 978 0.46799
157 124 0.43391
158 1103 0.42744
159 186 0.42638
160 133 0.39044
161 152 0.45933
162 1162 0.42861
163 225 0.38194
164 1074 0.30299
165 1616 0.40938
166 154 0.42398
167 838 0.33216
168 809 0.49922
169 807 0.43605
170 36 0.37241
171 1652 0.40707
172 889 0.44657
173 834 0.40041
174 489 0.40828
175 632 0.40138
176 107 0.4701
177 77 0.39274
178 993 0.36473
179 948 0.37905
180 1181 0.31162
181 1180 0.41634
182 1181 0.42278
183 139 0.37064
184 1660 0.39143
185 826 0.40029
186 1243 0.39312
187 277 0.40252
188 756 0.41277
189 198 0.022353
190 1200 0.2674
191 296 0.42484
192 1444 0.35608
193 822 0.42643
194 1161 0.35865
195 559 0.38517
196 1085 0.38735
197 1452 0.34904
198 1779 0.35271
199 1683 0.45252
200 714 0.4269
201 920 0.36089
202 299 0.43559
203 1601 0.46281
204 1775 0.5362
205 224 0.45337
206 608 0.52014
207 1341 0.40124
208 208 0.083193
209 949 0.31792
210 1462 0.35672
211 1194 0.40703
212 681 0.39806
213 401 0.40525
214 1106 0.45502
215 1690 0.30969
216 1516 0.37155
217 1463 0.24125
218 1690 0.24518
219 1260 0.44074
220 1600 0.35067
221 90 0.32379
222 960 0.39633
223 188 0.36121
224 260 0.39883
225 1455 0.41686
226 1230 0.33107
227 726 0.36416
228 1728 0.36134
229 229 0.048464
230 310 0.3666
231 1716 0.42752
232 949 0.31478
233 1102 0.35189
234 887 0.43735
235 714 0.40383
236 1435 0.35356
237 675 0.35727
238 1480 0.41748
239 232 0.37081
240 255 0.40544
241 252 0.01302
242 1525 0.41737
243 1570 0.3505
244 1583 0.33652
245 1701 0.33358
246 663 0.40788
247 1064 0.4175
248 264 0.016277
249 527 0.37263
250 1769 0.44666
251 790 0.36426
252 214 0.4086
253 1257 0.37167
254 299 0.3378
255 475 0.3597
256 860 0.12663
257 861 0.083352
258 944 0.33812
259 945 0.35695
260 138 0.43391
261 278 0.049958
262 279 0.10851
263 303 0.45368
264 1307 0.30971
265 287 0.038126
266 332 0.30852
267 289 0.027311
268 762 0.38976
269 438 0.31285
270 1247 0.39354
271 920 0.34771
272 787 0.35483
273 788 0.43761
274 850 0.31444
275 1742 0.33971
276 1812 0.32534
277 659 0.45249
278 700 0.44572
279 1249 0.38116
280 264 0.28184
281 790 0.40999
282 309 0.28581
283 310 0.018048
284 311 0.15523
285 312 0.069864
286 835 0.45086
287 848 0.43666
288 568 0.36434
289 314 0.014411
290 315 0.01541
291 438 0.46698
292 1742 0.3082
293 861 0.2752
294 231 0.37038
295 589 0.29317
296 92 0.51668
297 1800 0.2832
298 327 0.054969
299 1460 0.35296
300 1459 0.32899
301 1596 0.41221
302 1272 0.29812
303 1755 0.18775
304 1804 0.26651
305 1485 0.40146
306 1355 0.18266
307 495 0.30599
308 575 0.24069
309 1619 0.38115
310 229 0.29216
311 1271 0.40388
312 462 0.42365
313 1826 0.31669
314 608 0.41627
315 150 0.41162
316 1136 0.41137
317 1712 0.43866
318 1154 0.46049
319 897 0.094088
320 674 0.4385
321 778 0.48496
322 277 0.32255
323 1276 0.49794
324 899 0.38773
325 1503 0.43329
326 1458 0.47482
327 1308 0.30787
328 350 0.37539
329 972 0.2943
330 1329 0.35339
331 970 0.40552
332 101 0.4117
333 520 0.40893
334 1435 0.39085
335 1791 0.40095
336 742 0.38938
337 631 0.40407
338 945 0.4829
339 1169 0.42807
340 615 0.52277
341 186 0.34558
342 322 0.32881
343 1836 0.43368
344 1823 0.41214
345 365 0.11163
346 565 0.456
347 368 0.031876
348 326 0.38538
349 370 0.040951
350 1708 0.50176
351 886 0.42442
352 109 0.4049
353 266 0.34038
354 935 0.41338
355 830 0.36947
356 1034 0.40316
357 931 0.078587
358 676 0.41477
359 726 0.41424
360 347 0.30795
361 25 0.38643
362 1755 0.36017
363 1398 0.40191
364 1841 0.36184
365 920 0.3493
366 92 0.35207
367 60 0.37598
368 1362 0.4012
369 1198 0.38795
370 1248 0.48179
371 629 0.37858
372 238 0.42094
373 1621 0.4833
374 1815 0.43264
375 815 0.43752
376 380 0.16127
377 382 0.082564
378 906 0.41056
379 143 0.49308
380 1486 0.45066
381 385 0.051573
382 386 0.031674
383 46 0.39475
384 580 0.31662
385 131 0.41348
386 393 0.042053
387 394 0.046043
388 642 0.38435
389 389 0.064159
390 397 0.045505
391 629 0.37013
392 1113 0.45705
393 237 0.33354
394 401 0.086432
395 84 0.48418
396 403 0.3965
397 1678 0.27382
398 807 0.48994
399 611 0.45282
400 564 0.30988
401 793 0.43831
402 404 0.026002
403 405 0.032422
404 1283 0.48736
405 1525 0.31825
406 363 0.48573
407 1588 0.34184
408 954 0.44849
409 1378 0.44482
410 1010 0.38817
411 1 0.4672
412 1203 0.39831
413 416 0.041461
414 174 0.40501
415 173 0.3562
416 1017 0.53331
417 441 0.45087
418 506 0.36558
419 1625 0.35654
420 1642 0.37177
421 564 0.43235
422 143 0.41273
423 666 0.33353
424 454 0.32
425 1633 0.37701
426 564 0.29535
427 40 0.50042
428 664 0.58608
429 1524 0.47928
430 268 0.47953
431 967 0.40173
432 369 0.35826
433 1547 0.28536
434 1541 0.35309
435 1647 0.34209
436 762 0.37763
437 599 0.52668
438 228 0.43156
439 388 0.45791
440 955 0.50373
441 451 0.031471
442 1181 0.43868
443 456 0.34896
444 719 0.47442
445 867 0.4348
446 1755 0.27817
447 1043 0.36956
448 702 0.34184
449 1021 0.38046
450 698 0.40097
451 1556 0.28618
452 707 0.46053
453 994 0.42302
454 458 0.064157
455 1251 0.37662
456 1013 0.30149
457 315 0.44335
458 252 0.33326
459 472 0.018901
460 911 0.51735
461 474 0.032648
462 1493 0.51906
463 1229 0.37397
464 1180 0.42416
465 610 0.37265
466 1700 0.4677
467 1540 0.41284
468 418 0.38404
469 973 0.30937
470 1442 0.39567
471 22 0.41674
472 1559 0.31718
473 1574 0.39841
474 1649 0.44536
475 62 0.31809
476 490 0.0092667
477 1481 0.4556
478 1841 0.3613
479 713 0.44096
480 990 0.45511
481 549 0.41177
482 1813 0.40203
483 1010 0.43791
484 1059 0.33161
485 585 0.34243
486 491 0.056473
487 1644 0.45166
488 11 0.47022
489 885 0.45459
490 651 0.42548
491 316 0.46798
492 1410 0.17939
493 910 0.44193
494 1017 0.26874
495 504 0.094864
496 714 0.38999
497 316 0.46316
498 1542 0.46071
499 505 0.013654
500 1823 0.30034
501 1826 0.38987
502 623 0.38276
503 1584 0.35524
504 1722 0.30708
505 999 0.47439
506 1347 0.4388
507 1750 0.32785
508 237 0.41676
509 1520 0.36249
510 1230 0.38436
511 292 0.49663
512 81 0.29823
513 493 0.35333
514 1615 0.31222
515 578 0.38426
516 778 0.37253
517 1702 0.44656
518 1638 0.46045
519 137 0.45244
520 836 0.36625
521 774 0.42768
522 1797 0.37394
523 1836 0.39868
524 1730 0.49498
525 1496 0.47149
526 647 0.51516
527 1173 0.40752
528 1459 0.2989
529 329 0.38625
530 1749 0.42984
531 1026 0.077474
532 1483 0.40501
533 1462 0.48879
534 532 0.23023
535 868 0.39978
536 187 0.27936
537 737 0.35356
538 541 0.032789
539 568 0.38706
540 548 0.032516
541 422 0.33431
542 763 0.41901
543 764 0.40213
544 1246 0.43607
545 198 0.41024
546 556 0.043335
547 1462 0.42115
548 351 0.38037
549 828 0.46836
550 489 0.32477
551 741 0.37239
552 742 0.30726
553 1497 0.40106
554 914 0.40259
555 1559 0.30512
556 523 0.45953
557 1389 0.44904
558 840 0.43924
559 560 0.1079
560 225 0.38477
561 192 0.36465
562 312 0.31812
563 763 0.30424
564 973 0.34007
565 331 0.43226
566 1827 0.42789
567 82 0.42122
568 919 0.37444
569 988 0.43938
570 1713 0.42872
571 1712 0.40613
572 1758 0.4152
573 581 0.39878
574 273 0.35898
575 1359 0.34064
576 6 0.36912
577 718 0.37969
578 324 0.36589
579 173 0.41371
580 177 0.34546
581 601 0.41159
582 310 0.25807
583 764 0.30917
584 582 0.40765
585 707 0.44254
586 697 0.35521
587 698 0.37495
588 1175 0.31606
589 1174 0.31135
590 129 0.40617
591 1053 0.045455
592 1054 0.072475
593 1763 0.33322
594 582 0.021038
595 640 0.42241
596 558 0.47513
597 1758 0.37381
598 87 0.35367
599 1691 0.4069
600 1741 0.43321
601 1102 0.4109
602 1154 0.43611
603 1695 0.3381
604 587 0.063345
605 506 0.4005
606 204 0.4055
607 1314 0.27091
608 588 0.095572
609 1727 0.35856
610 201 0.3281
611 627 0.37588
612 1272 0.38966
613 507 0.33242
614 1699 0.37656
615 464 0.34422
616 671 0.28395
617 1381 0.3935
618 439 0.36434
619 606 0.38724
620 717 0.31123
621 232 0.41928
622 1034 0.43792
623 1395 0.28868
624 1643 0.52277
625 616 0.043621
626 982 0.41617
627 779 0.44328
628 461 0.41873
629 1626 0.43372
630 824 0.36536
631 722 0.29105
632 1280 0.51054
633 973 0.3952
634 572 0.3674
635 700 0.41201
636 632 0.072879
637 633 0.15272
638 1493 0.39956
639 291 0.42258
640 900 0.39478
641 1217 0.41253
642 677 0.48969
643 1165 0.40002
644 743 0.34802
645 1416 0.36679
646 1826 0.37682
647 495 0.39316
648 469 0.39948
649 1736 0.3945
650 921 0.41084
651 1743 0.49148
652 1667 0.38249
653 234 0.41396
654 1592 0.45516
655 1124 0.076697
656 562 0.39314
657 772 0.36956
658 1109 0.43636
659 80 0.38545
660 304 0.41269
661 1248 0.42077
662 315 0.39799
663 116 0.42419
664 1016 0.3505
665 1367 0.41092
666 731 0.44999
667 1161 0.39359
668 647 0.22228
669 644 0.11043
670 305 0.44793
671 827 0.46935
672 649 0.046565
673 624 0.41038
674 784 0.45075
675 666 0.022236
676 75 0.45306
677 1810 0.46608
678 662 0.22802
679 160 0.45779
680 852 0.48128
681 1204 0.44625
682 667 0.10108
683 1565 0.61046
684 1644 0.4042
685 1039 0.47268
686 1169 0.47218
687 647 0.48467
688 1836 0.43073
689 512 0.39304
690 327 0.43524
691 1293 0.31565
692 1479 0.36065
693 1680 0.39948
694 231 0.39183
695 1210 0.40279
696 1357 0.71988
697 1303 0.40532
698 1746 0.39092
699 1069 0.40227
700 1524 0.382
701 489 0.39297
702 677 0.028531
703 1311 0.33952
704 475 0.40174
705 1627 0.4041
706 919 0.45909
707 1024 0.30437
708 709 0.39769
709 1140 0.35386
710 1820 0.7461
711 686 0.33615
712 625 0.39126
713 832 0.44749
714 454 0.22329
715 330 0.29897
716 330 0.34899
717 1341 0.35334
718 61 0.35749
719 521 0.42073
720 1151 0.39128
721 125 0.35177
722 767 0.33343
723 95 0.38643
724 864 0.41059
725 692 0.40518
726 161 0.38855
727 1151 0.42648
728 176 0.44464
729 1416 0.41453
730 315 0.34901
731 314 0.37293
732 1719 0.40979
733 250 0.38564
734 309 0.2706
735 310 0.32476
736 708 0.026163
737 764 0.43165
738 1256 0.37179
739 1169 0.42712
740 806 0.40603
741 1457 0.40375
742 1423 0.35985
743 1624 0.40078
744 713 0.44627
745 884 0.35955
746 198 0.48938
747 867 0.37518
748 619 0.4589
749 822 0.40797
750 726 0.0433
751 1665 0.42325
752 295 0.35456
753 727 0.024188
754 728 0.065529
755 331 0.326
756 704 0.43726
757 522 0.47173
758 1652 0.43749
759 1691 0.37104
760 12 0.39292
761 761 0.027518
762 762 0.13866
763 1167 0.43104
764 166 0.49826
765 150 0.54245
766 667 0.44486
767 777 0.024322
768 778 0.021159
769 422 0.42722
770 84 0.33057
771 760 0.37839
772 1195 0.39318
773 1196 0.28483
774 1197 0.1546
775 1102 0.30141
776 786 0.073501
777 999 0.4016
778 1110 0.44185
779 52 0.39733
780 606 0.46836
781 1442 0.44107
782 793 0.039765
783 762 0.45773
784 1173 0.4118
785 522 0.48501
786 797 0.050621
787 786 0.33112
788 1072 0.34048
789 1209 0.12319
790 1159 0.31684
791 870 0.42362
792 1779 0.42321
793 369 0.39954
794 816 0.021868
795 258 0.37641
796 1494 0.50725
797 1177 0.33423
798 496 0.36528
799 707 0.38597
800 824 0.034323
801 903 0.36182
802 155 0.37567
803 713 0.39679
804 830 0.035962
805 305 0.40945
806 1131 0.45429
807 779 0.38343
808 1736 0.4098
809 836 0.053381
810 845 0.024677
811 849 0.0076109
812 850 0.010266
813 1685 0.32288
814 1474 0.36067
815 872 0.30078
816 1683 0.33971
817 859 0.0059657
818 1684 0.49449
819 1644 0.35304
820 1250 0.37409
821 736 0.41529
822 1001 0.39825
823 477 0.4297
824 1694 0.35741
825 625 0.38674
826 391 0.44964
827 330 0.30632
828 217 0.29809
829 1038 0.44188
830 485 0.37261
831 1502 0.31827
832 1205 0.37461
833 617 0.34508
834 198 0.36117
835 89 0.3005
836 283 0.39721
837 213 0.36752
838 638 0.34511
839 1491 0.28321
840 335 0.50649
841 1797 0.27823
842 1113 0.28936
843 1463 0.4091
844 1442 0.38315
845 1732 0.36803
846 809 0.39672
847 1463 0.46256
848 1043 0.49274
849 1655 0.36823
850 1325 0.46708
851 1823 0.47876
852 1269 0.33473
853 1533 0.39096
854 898 0.14705
855 580 0.42538
856 576 0.36686
857 1112 0.41865
858 902 0.047081
859 1350 0.44665
860 1738 0.42918
861 1662 0.3204
862 1033 0.31865
863 181 0.39727
864 1755 0.26064
865 759 0.4221
866 533 0.38364
867 875 0.40135
868 164 0.46727
869 909 0.012892
870 564 0.37745
871 1625 0.33561
872 1626 0.24888
873 1491 0.35787
874 1497 0.42416
875 1496 0.40445
876 484 0.40788
877 595 0.46528
878 302 0.4523
879 1839 0.44412
880 1351 0.50048
881 1515 0.42066
882 484 0.40642
883 10 0.33805
884 918 0.058549
885 919 0.04867
886 1327 0.44909
887 1220 0.36864
888 708 0.4181
889 472 0.38649
890 614 0.45382
891 694 0.39128
892 1004 0.33672
893 1032 0.34861
894 933 0.029383
895 1327 0.50876
896 1307 0.37987
897 937 0.055555
898 939 0.040987
899 1150 0.51536
900 774 0.45487
901 941 0.066194
902 942 0.057826
903 809 0.32206
904 336 0.41301
905 1803 0.471
906 633 0.44949
907 1087 0.4491
908 1627 0.37542
909 158 0.37673
910 330 0.49132
911 1574 0.37057
912 957 0.1798
913 955 0.074811
914 813 0.45525
915 1501 0.48117
916 959 0.23634
917 91 0.39323
918 1649 0.42775
919 519 0.22921
920 1310 0.37165
921 1311 0.39064
922 1212 0.46284
923 152 0.4523
924 1558 0.51046
925 964 0.019445
926 932 0.47935
927 339 0.37372
928 1514 0.34392
929 148 0.38191
930 967 0.068135
931 1064 0.36922
932 564 0.39073
933 453 0.46975
934 1317 0.22469
935 555 0.38556
936 453 0.32098
937 461 0.36488
938 1736 0.44816
939 213 0.40355
940 1711 0.43853
941 1845 0.24133
942 740 0.38481
943 1062 0.35871
944 539 0.29118
945 1337 0.4486
946 614 0.43014
947 228 0.44075
948 1556 0.52673
949 1303 0.48454
950 709 0.41879
951 195 0.4479
952 724 0.36553
953 1136 0.36515
954 1596 0.45421
955 1322 0.4855
956 5 0.38329
957 800 0.45615
958 1161 0.27082
959 405 0.48203
960 558 0.42216
961 991 0.036747
962 762 0.43676
963 1722 0.40787
964 929 0.43035
965 993 0.016151
966 999 0.11097
967 1712 0.44386
968 1000 0.014334
969 1001 0.0097158
970 629 0.43174
971 90 0.45095
972 991 0.46649
973 875 0.47289
974 1574 0.42706
975 1020 0.0072535
976 695 0.3975
977 552 0.39042
978 1035 0.39616
979 900 0.36056
980 547 0.44119
981 1022 0.15502
982 1023 0.043564
983 1427 0.36381
984 262 0.40403
985 830 0.42763
986 919 0.49404
987 1423 0.46526
988 1029 0.017114
989 1060 0.43495
990 303 0.4119
991 156 0.40789
992 685 0.29163
993 610 0.33567
994 1607 0.32839
995 628 0.42633
996 949 0.35309
997 53 0.35239
998 82 0.25674
999 83 0.25371
1000 1763 0.39191
1001 1209 0.39308
1002 219 0.33618
1003 164 0.35168
1004 1039 0.19398
1005 614 0.44117
1006 1364 0.45711
1007 513 0.48086
1008 3 0.46835
1009 1088 0.37198
1010 180 0.42766
1011 932 0.39306
1012 561 0.45063
1013 666 0.29286
1014 158 0.44535
1015 628 0.38077
1016 1066 0.0243
1017 771 0.47496
1018 1210 0.40674
1019 1430 0.36079
1020 579 0.35275
1021 709 0.40189
1022 973 0.42062
1023 1081 0.014222
1024 1082 0.017296
1025 1415 0.3705
1026 1074 0.049825
1027 1083 0.0072104
1028 51 0.43934
1029 1682 0.40502
1030 1148 0.45338
1031 1346 0.47406
1032 1361 0.45248
1033 1788 0.33684
1034 1565 0.4196
1035 1381 0.064418
1036 1099 0.02804
1037 123 0.40023
1038 1102 0.019574
1039 1107 0.017224
1040 723 0.37822
1041 1111 0.065907
1042 1661 0.44465
1043 1636 0.38949
1044 1210 0.35777
1045 461 0.38497
1046 659 0.32797
1047 614 0.49166
1048 661 0.30438
1049 289 0.35109
1050 93 0.3871
1051 1515 0.46094
1052 1210 0.41551
1053 259 0.34309
1054 1780 0.42397
1055 1627 0.29762
1056 836 0.32241
1057 953 0.42387
1058 266 0.28987
1059 1021 0.43462
1060 1369 0.29859
1061 1630 0.4877
1062 1202 0.48465
1063 1814 0.52463
1064 23 0.37473
1065 99 0.47089
1066 250 0.35258
1067 800 0.34154
1068 1159 0.019865
1069 177 0.44495
1070 721 0.19227
1071 1252 0.35114
1072 124 0.31824
1073 760 0.3657
1074 760 0.35513
1075 1421 0.45969
1076 1423 0.41964
1077 1217 0.4528
1078 551 0.40576
1079 287 0.30996
1080 1168 0.032926
1081 1169 0.03373
1082 1746 0.32826
1083 1175 0.022717
1084 145 0.3009
1085 1194 0.36258
1086 1350 0.357
1087 1583 0.43743
1088 1691 0.31325
1089 1177 0.022152
1090 1178 0.019267
1091 850 0.32795
1092 606 0.38647
1093 495 0.31418
1094 1183 0.074168
1095 1184 0.029621
1096 1185 0.033597
1097 1143 0.29256
1098 756 0.48184
1099 1762 0.37325
1100 282 0.39945
1101 1228 0.36693
1102 247 0.37223
1103 1 0.3278
1104 1248 0.39621
1105 741 0.35979
1106 1176 0.28327
1107 165 0.35582
1108 213 0.35684
1109 1347 0.46016
1110 821 0.42695
1111 1226 0.43364
1112 89 0.2987
1113 1199 0.36267
1114 332 0.3102
1115 948 0.44643
1116 187 0.4078
1117 85 0.37883
1118 1231 0.02399
1119 290 0.33083
1120 1628 0.33761
1121 723 0.36394
1122 1458 0.41312
1123 1067 0.36739
1124 1160 0.41681
1125 1240 0.0613
1126 226 0.39938
1127 28 0.35057
1128 880 0.32978
1129 328 0.35971
1130 201 0.34978
1131 779 0.34606
1132 1138 0.2648
1133 553 0.29268
1134 1763 0.36227
1135 820 0.3461
1136 1248 0.016166
1137 665 0.36288
1138 1251 0.01087
1139 1614 0.32532
1140 591 0.43326
1141 675 0.20545
1142 140 0.36977
1143 748 0.53614
1144 8 0.53876
1145 1220 0.26071
1146 1776 0.1818
1147 1472 0.26704
1148 1097 0.33782
1149 1135 0.35823
1150 1498 0.43139
1151 1268 0.034679
1152 1755 0.4638
1153 1055 0.39329
1154 1041 0.38064
1155 564 0.25768
1156 1832 0.32372
1157 701 0.5809
1158 891 0.44171
1159 949 0.38427
1160 125 0.39598
1161 93 0.30286
1162 1454 0.2963
1163 1453 0.31596
1164 1425 0.34025
1165 1426 0.38897
1166 1351 0.3797
1167 1574 0.41502
1168 407 0.3756
1169 3 0.33986
1170 830 0.37005
1171 612 0.37718
1172 1295 0.086359
1173 1296 0.093472
1174 176 0.41602
1175 1727 0.378
1176 1527 0.38775
1177 1339 0.41048
1178 784 0.39718
1179 1301 0.19817
1180 1612 0.49724
1181 1305 0.029043
1182 1306 0.029868
1183 734 0.61937
1184 1307 0.046665
1185 528 0.37899
1186 1112 0.4429
1187 695 0.46224
1188 1310 0.17886
1189 1311 0.048619
1190 366 0.42059
1191 1761 0.42498
1192 957 0.47424
1193 1312 0.025231
1194 1313 0.025098
1195 589 0.47594
1196 1482 0.48603
1197 1426 0.33468
1198 1322 0.037758
1199 46 0.36991
1200 1323 0.017435
1201 236 0.43167
1202 1572 0.49323
1203 523 0.47232
1204 582 0.41764
1205 142 0.26223
1206 822 0.45731
1207 671 0.25059
1208 990 0.46851
1209 1330 0.014175
1210 1081 0.48447
1211 1171 0.54781
1212 826 0.34403
1213 213 0.34652
1214 947 0.26358
1215 1250 0.34778
1216 1250 0.34612
1217 1102 0.28035
1218 213 0.39544
1219 532 0.39776
1220 1788 0.3543
1221 830 0.40611
1222 1337 0.026498
1223 1248 0.49947
1224 826 0.42195
1225 1692 0.46905
1226 417 0.43528
1227 561 0.47869
1228 453 0.2539
1229 1116 0.3715
1230 571 0.3699
1231 1347 0.0071231
1232 1348 0.0044853
1233 1346 0.33985
1234 870 0.3392
1235 566 0.43423
1236 596 0.45117
1237 944 0.41161
1238 1694 0.32778
1239 1222 0.36764
1240 1010 0.32734
1241 292 0.3804
1242 666 0.45767
1243 587 0.3833
1244 1664 0.4128
1245 623 0.32099
1246 835 0.44686
1247 1360 0.065257
1248 1038 0.47159
1249 1578 0.44172
1250 1364 0.09992
1251 1362 0.022288
1252 315 0.43207
1253 1060 0.4379
1254 49 0.3726
1255 1382 0.035882
1256 932 0.36589
1257 410 0.44178
1258 327 0.36954
1259 1788 0.39774
1260 1390 0.021666
1261 1391 0.026326
1262 1394 0.047217
1263 1116 0.071558
1264 1592 0.43585
1265 375 0.33515
1266 942 0.38819
1267 1789 0.36403
1268 249 0.45189
1269 416 0.47777
1270 303 0.37911
1271 468 0.43443
1272 1611 0.28921
1273 697 0.3796
1274 1680 0.37836
1275 1561 0.266
1276 1474 0.38146
1277 1482 0.35273
1278 827 0.34116
1279 1060 0.4042
1280 571 0.4212
1281 553 0.19183
1282 1093 0.21069
1283 1431 0.39627
1284 1458 0.42243
1285 476 0.42807
1286 826 0.35975
1287 134 0.37373
1288 1417 0.086841
1289 1583 0.096683
1290 1419 0.011132
1291 1284 0.45928
1292 62 0.49892
1293 606 0.41201
1294 1427 0.018951
1295 764 0.3011
1296 1100 0.39513
1297 754 0.39811
1298 1678 0.33469
1299 568 0.419
1300 751 0.40985
1301 1429 0.013822
1302 1497 0.40548
1303 1541 0.3444
1304 638 0.34998
1305 1496 0.41678
1306 541 0.33219
1307 1437 0.012029
1308 1524 0.38491
1309 980 0.3446
1310 1434 0.036033
1311 1435 0.017
1312 194 0.38827
1313 1589 0.3843
1314 1213 0.38974
1315 453 0.35433
1316 1388 0.35582
1317 308 0.38086
1318 1442 0.42616
1319 854 0.41167
1320 198 0.33065
1321 377 0.39566
1322 33 0.37589
1323 628 0.31396
1324 1455 0.010109
1325 1291 0.23438
1326 1720 0.41036
1327 172 0.34225
1328 456 0.33769
1329 719 0.37779
1330 1547 0.44254
1331 194 0.32325
1332 1574 0.39692
1333 480 0.39191
1334 646 0.23733
1335 1015 0.21602
1336 778 0.5001
1337 1612 0.23958
1338 259 0.28036
1339 1698 0.19
1340 1369 0.2726
1341 579 0.23828
1342 1468 0.27798
1343 1486 0.018311
1344 304 0.3782
1345 920 0.33743
1346 1493 0.017232
1347 1494 0.020691
1348 1496 0.049393
1349 1497 0.040575
1350 1015 0.32477
1351 326 0.41406
1352 668 0.46455
1353 1665 0.42569
1354 1147 0.40815
1355 201 0.39665
1356 1033 0.37768
1357 1401 0.44405
1358 1398 0.31513
1359 1503 0.011571
1360 1504 0.015569
1361 11 0.42913
1362 1506 0.013915
1363 723 0.4531
1364 1112 0.42918
1365 1216 0.45809
1366 1379 0.45058
1367 600 0.3537
1368 643 0.30339
1369 1507 0.048121
1370 1508 0.045145
1371 1513 0.026745
1372 1351 0.31936
1373 1695 0.32634
1374 1085 0.33591
1375 1409 0.40601
1376 310 0.28652
1377 1626 0.30642
1378 1762 0.4599
1379 1522 0.026279
1380 130 0.3848
1381 212 0.3653
1382 709 0.41123
1383 219 0.44484
1384 228 0.46192
1385 1531 0.063312
1386 1388 0.36226
1387 1426 0.38607
1388 1136 0.28185
1389 1647 0.41987
1390 977 0.35882
1391 1319 0.15391
1392 1476 0.42579
1393 778 0.32629
1394 1292 0.50721
1395 340 0.50507
1396 1540 0.033752
1397 211 0.39267
1398 64 0.47558
1399 1542 0.0050905
1400 1177 0.36466
1401 893 0.34325
1402 571 0.46441
1403 5 0.37471
1404 638 0.49207
1405 293 0.34085
1406 126 0.30828
1407 1435 0.37931
1408 213 0.34221
1409 139 0.32632
1410 949 0.39878
1411 1548 0.0099877
1412 273 0.42385
1413 1043 0.37228
1414 438 0.41653
1415 1550 0.012558
1416 541 0.38185
1417 1232 0.42637
1418 1524 0.49428
1419 216 0.44828
1420 273 0.33034
1421 109 0.34063
1422 1662 0.36028
1423 1556 0.020462
1424 646 0.33948
1425 1578 0.4745
1426 1559 0.014781
1427 590 0.45077
1428 1052 0.42983
1429 209 0.34427
1430 78 0.34401
1431 362 0.53397
1432 713 0.53744
1433 212 0.44734
1434 266 0.37763
1435 357 0.394
1436 468 0.25379
1437 589 0.28783
1438 1806 0.34178
1439 1489 0.38368
1440 1639 0.48118
1441 295 0.40322
1442 129 0.36258
1443 988 0.36093
1444 1575 0.013344
1445 972 0.20558
1446 972 0.25757
1447 742 0.44085
1448 839 0.42801
1449 1371 0.27927
1450 1554 0.39553
1451 1250 0.37409
1452 454 0.29033
1453 1582 0.31727
1454 1015 0.27757
1455 1825 0.5089
1456 438 0.32609
1457 955 0.39888
1458 1590 0.026155
1459 1591 0.028197
1460 279 0.34729
1461 625 0.32121
1462 1645 0.29261
1463 842 0.37481
1464 304 0.33393
1465 612 0.44434
1466 213 0.39022
1467 95 0.43167
1468 290 0.30514
1469 1607 0.013354
1470 542 0.35986
1471 128 0.36265
1472 1743 0.47716
1473 260 0.41647
1474 1750 0.30525
1475 691 0.41242
1476 1200 0.38977
1477 579 0.24337
1478 1621 0.01044
1479 1622 0.010323
1480 335 0.29734
1481 1629 0.14472
1482 340 0.33771
1483 1633 0.058169
1484 351 0.2416
1485 1672 0.38322
1486 1295 0.26763
1487 1643 0.025287
1488 1719 0.46365
1489 1655 0.47421
1490 1060 0.43748
1491 1645 0.017354
1492 918 0.45492
1493 112 0.43566
1494 1497 0.46809
1495 150 0.38704
1496 149 0.4274
1497 1824 0.33633
1498 1023 0.44158
1499 24 0.43441
1500 1217 0.33175
1501 1647 0.017935
1502 1323 0.33349
1503 325 0.46172
1504 292 0.43462
1505 1649 0.096438
1506 1089 0.43182
1507 1650 0.0083608
1508 1651 0.028714
1509 1201 0.30563
1510 1716 0.4063
1511 225 0.36494
1512 1653 0.042065
1513 1001 0.34463
1514 1654 0.02178
1515 860 0.43258
1516 589 0.40357
1517 1379 0.41522
1518 213 0.36222
1519 1661 0.0052007
1520 637 0.37074
1521 1457 0.40198
1522 1501 0.38571
1523 1378 0.45282
1524 783 0.48442
1525 993 0.49576
1526 1017 0.39623
1527 946 0.34066
1528 1250 0.25618
1529 1221 0.30502
1530 588 0.41275
1531 1162 0.43443
1532 1672 0.018368
1533 601 0.40368
1534 780 0.3997
1535 1072 0.42831
1536 144 0.46562
1537 488 0.45081
1538 1160 0.34825
1539 777 0.46224
1540 1378 0.4702
1541 1681 0.30396
1542 1432 0.43578
1543 1758 0.39514
1544 1202 0.44841
1545 1678 0.018267
1546 294 0.37591
1547 909 0.40236
1548 486 0.37682
1549 1685 0.024309
1550 24 0.37856
1551 47 0.4071
1552 173 0.45659
1553 1688 0.017759
1554 1689 0.026624
1555 814 0.32715
1556 1460 0.33833
1557 492 0.34815
1558 1230 0.37346
1559 606 0.40445
1560 1200 0.29755
1561 1698 0.0060484
1562 1701 0.018116
1563 1702 0.0058417
1564 495 0.41934
1565 1519 0.5198
1566 830 0.40198
1567 407 0.52671
1568 1075 0.47231
1569 457 0.46649
1570 1592 0.41157
1571 816 0.45267
1572 1101 0.42603
1573 154 0.57197
1574 136 0.4986
1575 1709 0.02037
1576 1241 0.43035
1577 1524 0.34243
1578 339 0.39027
1579 980 0.46703
1580 824 0.4052
1581 1787 0.35849
1582 1537 0.36388
1583 1378 0.42697
1584 175 0.44081
1585 1603 0.31923
1586 1343 0.38326
1587 502 0.49886
1588 840 0.45052
1589 1292 0.32862
1590 949 0.46133
1591 623 0.40843
1592 830 0.44363
1593 825 0.36965
1594 1199 0.39021
1595 232 0.35163
1596 813 0.40476
1597 1728 0.024069
1598 1729 0.013578
1599 1442 0.40992
1600 1497 0.4286
1601 1378 0.43742
1602 82 0.35761
1603 1470 0.39808
1604 511 0.45507
1605 1746 0.41133
1606 643 0.3819
1607 1755 0.24577
1608 530 0.31378
1609 49 0.34378
1610 1103 0.43132
1611 1609 0.31174
1612 3 0.30169
1613 1388 0.417
1614 1683 0.35837
1615 638 0.33633
1616 1750 0.16201
1617 850 0.47727
1618 417 0.46036
1619 1684 0.38942
1620 887 0.44281
1621 1754 0.063281
1622 1776 0.33972
1623 1764 0.22369
1624 631 0.33164
1625 1767 0.024582
1626 1722 0.32796
1627 1765 0.080237
1628 1766 0.20382
1629 331 0.40714
1630 1668 0.26231
1631 471 0.48436
1632 472 0.58764
1633 608 0.35736
1634 607 0.36739
1635 1083 0.48957
1636 1762 0.45853
1637 1773 0.044238
1638 1110 0.5093
1639 1686 0.33134
1640 156 0.39081
1641 1603 0.41859
1642 1559 0.29974
1643 1779 0.0091242
1644 595 0.39183
1645 1107 0.35486
1646 11 0.41756
1647 1211 0.48217
1648 1784 0.021561
1649 1785 0.0093513
1650 1125 0.3408
1651 668 0.3681
1652 623 0.46119
1653 327 0.34467
1654 721 0.3893
1655 722 0.43134
1656 860 0.42315
1657 1 0.40836
1658 1665 0.40426
1659 323 0.30802
1660 330 0.30305
1661 1755 0.036669
1662 1542 0.43307
1663 639 0.34842
1664 997 0.50687
1665 640 0.23522
1666 606 0.33694
1667 1006 0.1833
1668 1311 0.43593
1669 1517 0.41677
1670 912 0.40934
1671 507 0.44143
1672 1305 0.3872
1673 1306 0.43641
1674 225 0.46999
1675 480 0.4532
1676 659 0.36297
1677 1445 0.48676
1678 139 0.38075
1679 1832 0.054976
1680 1817 0.023856
1681 274 0.32485
1682 661 0.40986
1683 1517 0.48492
1684 1202 0.36867
1685 855 0.41899
1686 287 0.32793
1687 567 0.43094
1688 764 0.41785
1689 1256 0.37533
1690 537 0.39584
1691 489 0.35184
1692 1442 0.35588
1693 1822 0.05664
1694 1602 0.46698
1695 830 0.49375
1696 1215 0.47223
1697 718 0.49965
1698 1823 0.0090149
1699 1824 0.012045
1700 960 0.32396
1701 554 0.34127
1702 35 0.54584
1703 181 0.27102
1704 137 0.33835
1705 1207 0.37709
1706 1405 0.41325
1707 1030 0.26527
1708 1776 0.19327
1709 350 0.44817
1710 602 0.45664
1711 938 0.44037
1712 606 0.37562
1713 960 0.33251
1714 1380 0.48926
1715 1789 0.40572
1716 838 0.37204
1717 1378 0.38995
1718 587 0.44159
1719 1064 0.40645
1720 1728 0.43977
1721 1001 0.44374
1722 1000 0.30294
1723 577 0.45765
1724 1150 0.49051
1725 1660 0.27988
1726 1804 0.38771
1727 259 0.49405
