1347
1 283 0.51901
2 554 0.43317
3 1361 0.52962
4 204 0.46415
5 228 0.32551
6 557 0.43999
7 887 0.28894
8 666 0.34998
9 181 0.49325
10 1105 0.42421
11 123 0.29547
12 805 0.39984
13 1075 0.41635
14 620 0.5728
15 601 0.35343
16 868 0.42644
17 131 0.49339
18 9 0.047145
19 364 0.4704
20 363 0.42745
21 568 0.50771
22 585 0.37647
23 483 0.33565
24 197 0.31997
25 125 0.52222
26 591 0.39007
27 15 0.35937
28 600 0.3727
29 1142 0.38169
30 550 0.37089
31 483 0.39322
32 43 0.42459
33 987 0.46293
34 626 0.3801
35 915 0.45474
36 115 0.31353
37 602 0.48003
38 603 0.44616
39 452 0.40919
40 112 0.31311
41 890 0.40978
42 1311 0.42324
43 591 0.41439
44 1346 0.45027
45 1297 0.32871
46 1298 0.40431
47 543 0.38222
48 808 0.46859
49 623 0.4478
50 606 0.26611
51 607 0.26227
52 174 0.30607
53 711 0.35932
54 219 0.39433
55 1083 0.38884
56 404 0.37054
57 1316 0.35744
58 198 0.38259
59 301 0.3975
60 90 0.38281
61 867 0.41668
62 891 0.45725
63 1155 0.36377
64 1241 0.40796
65 197 0.42791
66 135 0.43219
67 52 0.031591
68 891 0.32731
69 830 0.4831
70 802 0.36059
71 1133 0.39227
72 710 0.39793
73 123 0.37676
74 725 0.41724
75 1372 0.42951
76 68 0.089227
77 208 0.30497
78 69 0.16923
79 606 0.41401
80 315 0.38326
81 922 0.42798
82 195 0.3863
83 805 0.35602
84 250 0.41728
85 877 0.36827
86 1090 0.41073
87 1331 0.4024
88 1000 0.44221
89 289 0.38346
90 869 0.31711
91 890 0.43441
92 186 0.32589
93 956 0.46728
94 440 0.50091
95 1110 0.41044
96 474 0.41884
97 71 0.045909
98 1366 0.42195
99 872 0.39422
100 1006 0.4822
101 143 0.37487
102 495 0.40823
103 134 0.36848
104 834 0.33862
105 640 0.42635
106 641 0.32022
107 1081 0.36475
108 250 0.39236
109 889 0.20649
110 662 0.40257
111 692 0.41245
112 79 0.15886
113 726 0.31369
114 572 0.34117
115 103 0.40706
116 1190 0.44585
117 1155 0.39889
118 1050 0.37227
119 1121 0.432
120 1141 0.45992
121 595 0.49207
122 32 0.48102
123 326 0.36013
124 327 0.32988
125 1132 0.36106
126 1133 0.36356
127 45 0.38096
128 1087 0.5244
129 919 0.41062
130 32 0.48468
131 127 0.41527
132 117 0.045998
133 118 0.14039
134 742 0.40065
135 587 0.063209
136 150 0.44453
137 71 0.44428
138 181 0.41034
139 890 0.37154
140 488 0.35081
141 1349 0.42917
142 71 0.39581
143 866 0.34242
144 71 0.36698
145 761 0.34708
146 390 0.33733
147 587 0.43583
148 219 0.26496
149 992 0.43743
150 862 0.44645
151 712 0.37838
152 603 0.3016
153 656 0.37655
154 636 0.46038
155 1097 0.43935
156 986 0.35632
157 69 0.41405
158 120 0.42589
159 728 0.25106
160 661 0.39666
161 151 0.019297
162 845 0.43605
163 218 0.41666
164 1185 0.41497
165 1074 0.43374
166 1193 0.32136
167 123 0.34702
168 517 0.36359
169 1042 0.39421
170 406 0.4423
171 892 0.33327
172 208 0.3821
173 207 0.37619
174 899 0.39045
175 935 0.32458
176 1132 0.36048
177 748 0.36689
178 566 0.41144
179 177 0.41984
180 621 0.46945
181 89 0.38969
182 19 0.42197
183 515 0.37802
184 227 0.24476
185 226 0.32854
186 226 0.29794
187 467 0.25232
188 902 0.41985
189 342 0.47402
190 1225 0.38171
191 1147 0.3913
192 650 0.42776
193 123 0.38696
194 1090 0.39196
195 1089 0.3801
196 627 0.28869
197 252 0.36422
198 770 0.45899
199 1005 0.43811
200 1113 0.45373
201 145 0.51949
202 1099 0.30888
203 1310 0.51613
204 180 0.32669
205 417 0.35226
206 568 0.43377
207 928 0.3626
208 517 0.36026
209 228 0.34169
210 642 0.18163
211 643 0.05626
212 575 0.3298
213 79 0.43255
214 712 0.43557
215 339 0.33984
216 363 0.37258
217 1347 0.33125
218 568 0.37563
219 749 0.30999
220 718 0.44373
221 50 0.27732
222 592 0.27139
223 669 0.30171
224 97 0.27658
225 584 0.25331
226 927 0.28872
227 107 0.27319
228 293 0.27421
229 1068 0.34975
230 575 0.38801
231 1067 0.3914
232 1187 0.36757
233 656 0.35652
234 82 0.37907
235 1208 0.39444
236 566 0.34794
237 177 0.36163
238 1311 0.43025
239 634 0.38614
240 998 0.35198
241 926 0.36028
242 584 0.4089
243 1205 0.45817
244 262 0.43425
245 238 0.087408
246 614 0.34043
247 158 0.34509
248 218 0.35477
249 666 0.29889
250 489 0.22488
251 256 0.40067
252 413 0.34207
253 901 0.56498
254 338 0.38603
255 797 0.47718
256 245 0.32136
257 302 0.38768
258 927 0.29946
259 478 0.49933
260 251 0.31374
261 1034 0.2208
262 1356 0.44556
263 847 0.41454
264 1030 0.27455
265 506 0.31314
266 382 0.36124
267 1121 0.39358
268 683 0.035981
269 684 0.033487
270 1036 0.32487
271 1339 0.43796
272 1048 0.42899
273 1347 0.21261
274 941 0.25207
275 1015 0.42138
276 1257 0.47182
277 547 0.521
278 335 0.45496
279 250 0.3898
280 262 0.019164
281 1083 0.40137
282 207 0.3319
283 1024 0.36379
284 184 0.39727
285 775 0.37792
286 691 0.071659
287 163 0.46034
288 1144 0.35573
289 140 0.31998
290 1038 0.45045
291 278 0.25572
292 540 0.42236
293 1140 0.40533
294 1265 0.3552
295 492 0.4253
296 434 0.33279
297 130 0.46804
298 205 0.4868
299 390 0.42484
300 287 0.038919
301 288 0.12435
302 480 0.40324
303 913 0.44407
304 1224 0.43192
305 1307 0.48843
306 290 0.097734
307 1258 0.3664
308 139 0.36037
309 292 0.039232
310 662 0.3722
311 550 0.34644
312 530 0.40323
313 25 0.51503
314 540 0.30018
315 1009 0.37398
316 933 0.33525
317 622 0.54581
318 1139 0.44596
319 209 0.39343
320 885 0.45806
321 1276 0.42165
322 591 0.50846
323 1058 0.3922
324 1076 0.48718
325 690 0.52686
326 311 0.039035
327 312 0.032653
328 231 0.49145
329 232 0.46914
330 1047 0.27339
331 1057 0.33788
332 353 0.44485
333 733 0.42589
334 51 0.38886
335 1321 0.29697
336 858 0.53888
337 331 0.0099159
338 1086 0.41389
339 386 0.42718
340 665 0.35757
341 437 0.36791
342 1210 0.44169
343 899 0.36711
344 1384 0.44157
345 828 0.43923
346 1307 0.47193
347 341 0.013623
348 274 0.47435
349 1248 0.30281
350 911 0.43889
351 346 0.046747
352 311 0.3962
353 289 0.50373
354 820 0.42217
355 665 0.43939
356 800 0.42432
357 741 0.42928
358 357 0.4624
359 1158 0.43794
360 352 0.0047904
361 356 0.022429
362 460 0.371
363 448 0.43305
364 282 0.47839
365 175 0.36271
366 886 0.36198
367 372 0.042352
368 552 0.41653
369 837 0.37798
370 1008 0.33487
371 552 0.42471
372 933 0.34592
373 1329 0.40442
374 1142 0.38402
375 1029 0.45778
376 331 0.35861
377 289 0.42605
378 400 0.45365
379 380 0.34093
380 1350 0.36952
381 1351 0.37872
382 934 0.32672
383 1146 0.18331
384 1142 0.43293
385 245 0.27305
386 903 0.44178
387 335 0.3489
388 111 0.47435
389 719 0.40032
390 1009 0.25932
391 925 0.38446
392 1166 0.35091
393 335 0.254
394 335 0.29368
395 1165 0.40244
396 1049 0.42876
397 1347 0.33544
398 995 0.34882
399 269 0.4496
400 394 0.0088818
401 434 0.3399
402 1142 0.46063
403 531 0.39481
404 562 0.52511
405 1329 0.48604
406 920 0.3878
407 1348 0.45535
408 406 0.011505
409 1219 0.51786
410 994 0.43897
411 61 0.52698
412 983 0.48771
413 886 0.42294
414 1108 0.4167
415 1186 0.40468
416 1281 0.45227
417 995 0.49127
418 425 0.015706
419 776 0.51156
420 633 0.55777
421 1194 0.53931
422 1013 0.53409
423 429 0.087527
424 659 0.49357
425 1328 0.56936
426 776 0.44447
427 1386 0.39473
428 1387 0.35164
429 653 0.52844
430 654 0.496
431 294 0.48343
432 1387 0.4658
433 854 0.35955
434 290 0.46974
435 1161 0.46857
436 431 0.40117
437 899 0.48385
438 1336 0.492
439 400 0.47442
440 434 0.027095
441 1323 0.43996
442 776 0.43891
443 754 0.36368
444 124 0.43767
445 70 0.39897
446 1161 0.38442
447 1161 0.33187
448 409 0.36233
449 1282 0.45593
450 317 0.56492
451 464 0.04632
452 1347 0.29994
453 434 0.30274
454 472 0.0072091
455 470 0.68746
456 798 0.50515
457 729 0.56807
458 255 0.44721
459 830 0.38699
460 729 0.52144
461 415 0.50853
462 556 0.51209
463 551 0.52139
464 1356 0.3937
465 876 0.34652
466 837 0.16656
467 57 0.38039
468 757 0.48187
469 754 0.34828
470 1004 0.52634
471 1302 0.36854
472 255 0.462
473 984 0.55869
474 317 0.63543
475 799 0.40029
476 895 0.4428
477 841 0.26876
478 691 0.47219
479 640 0.28664
480 1172 0.41455
481 1182 0.52644
482 1058 0.28483
483 237 0.21696
484 1289 0.5403
485 498 0.43394
486 781 0.59665
487 841 0.55603
488 1055 0.41715
489 523 0.36145
490 1052 0.26686
491 529 0.15114
492 820 0.36083
493 488 0.45623
494 237 0.41504
495 538 0.087173
496 540 0.055755
497 966 0.51811
498 441 0.56058
499 543 0.023259
500 776 0.40775
501 1076 0.31598
502 1232 0.29829
503 126 0.3894
504 689 0.41658
505 545 0.057678
506 1089 0.4424
507 543 0.47708
508 548 0.062473
509 549 0.062003
510 600 0.29176
511 309 0.34961
512 979 0.32918
513 782 0.39153
514 708 0.35399
515 551 0.032621
516 65 0.4247
517 877 0.42176
518 568 0.41735
519 28 0.38365
520 427 0.36092
521 466 0.43356
522 1022 0.46009
523 559 0.33758
524 48 0.54909
525 180 0.50316
526 189 0.32125
527 182 0.34886
528 1197 0.37809
529 25 0.33874
530 206 0.42069
531 660 0.43342
532 560 0.40429
533 192 0.37994
534 678 0.38456
535 899 0.37428
536 758 0.46535
537 49 0.28427
538 577 0.021776
539 376 0.5139
540 152 0.51391
541 112 0.42695
542 43 0.40293
543 427 0.2813
544 748 0.39999
545 600 0.35959
546 629 0.40369
547 917 0.35378
548 797 0.51841
549 716 0.4976
550 617 0.4618
551 23 0.36696
552 339 0.38845
553 587 0.39404
554 587 0.40782
555 289 0.40126
556 1006 0.41952
557 901 0.39906
558 1335 0.37081
559 575 0.307
560 329 0.47669
561 771 0.3615
562 872 0.37891
563 626 0.30667
564 1090 0.35702
565 1083 0.41055
566 911 0.32321
567 971 0.405
568 600 0.474
569 136 0.39539
570 884 0.40796
571 1356 0.41275
572 1224 0.30582
573 71 0.31793
574 210 0.36659
575 793 0.40426
576 1183 0.43874
577 918 0.36365
578 64 0.4495
579 1294 0.44219
580 125 0.46837
581 931 0.33346
582 592 0.33886
583 184 0.41378
584 718 0.52059
585 758 0.48305
586 609 0.072267
587 610 0.12507
588 1227 0.4035
589 1226 0.282
590 1311 0.35695
591 713 0.27943
592 176 0.30821
593 606 0.43438
594 235 0.44194
595 588 0.41023
596 550 0.3863
597 966 0.44409
598 729 0.44279
599 1264 0.39758
600 1269 0.33474
601 926 0.37848
602 250 0.33501
603 572 0.3698
604 761 0.34097
605 774 0.29451
606 507 0.28689
607 69 0.45024
608 1265 0.34643
609 355 0.38198
610 1201 0.30548
611 509 0.38303
612 774 0.26507
613 43 0.46827
614 863 0.32977
615 75 0.3556
616 655 0.062769
617 886 0.38972
618 19 0.38409
619 923 0.40024
620 1269 0.29038
621 250 0.42181
622 365 0.2955
623 238 0.34832
624 210 0.42155
625 651 0.46081
626 1293 0.35918
627 660 0.048402
628 761 0.40511
629 1266 0.39859
630 1227 0.38836
631 558 0.48404
632 925 0.088583
633 718 0.38286
634 112 0.45315
635 517 0.29336
636 517 0.21833
637 875 0.42248
638 670 0.12645
639 925 0.37326
640 1259 0.42895
641 467 0.30049
642 804 0.41306
643 706 0.47495
644 680 0.042457
645 523 0.39272
646 1214 0.31921
647 481 0.36082
648 1249 0.43376
649 686 0.010358
650 870 0.482
651 325 0.47371
652 688 0.010341
653 438 0.41321
654 245 0.40251
655 1382 0.44708
656 20 0.44358
657 689 0.041784
658 1057 0.2266
659 686 0.30034
660 1035 0.52587
661 690 0.0017609
662 849 0.41718
663 677 0.42953
664 1095 0.44398
665 1041 0.31962
666 848 0.38367
667 680 0.49133
668 705 0.51818
669 1272 0.40756
670 1170 0.21945
671 289 0.0629
672 105 0.44283
673 697 0.046592
674 1336 0.39813
675 703 0.0067736
676 38 0.45099
677 281 0.38268
678 353 0.36835
679 1025 0.4318
680 1029 0.45623
681 51 0.51559
682 1317 0.44012
683 1263 0.46976
684 1060 0.44373
685 707 0.38437
686 711 0.011376
687 335 0.42295
688 1153 0.34917
689 941 0.36947
690 717 0.0059457
691 718 0.003457
692 293 0.31032
693 718 0.48372
694 509 0.35344
695 478 0.26864
696 382 0.43473
697 509 0.41713
698 434 0.26052
699 246 0.34475
700 727 0.014197
701 1126 0.49247
702 1350 0.37225
703 1329 0.27292
704 729 0.0077895
705 1256 0.51503
706 733 0.0091494
707 734 0.0061734
708 735 0.10034
709 130 0.44068
710 489 0.33997
711 1151 0.2982
712 737 0.019723
713 923 0.40583
714 742 0.04354
715 744 0.013795
716 711 0.39173
717 1256 0.46428
718 559 0.37786
719 746 0.017257
720 207 0.37985
721 1129 0.39464
722 1017 0.39804
723 1096 0.39964
724 112 0.51084
725 830 0.39744
726 1123 0.39078
727 9 0.46556
728 641 0.49372
729 757 0.04304
730 758 0.018281
731 97 0.45792
732 646 0.31786
733 120 0.34935
734 120 0.51063
735 579 0.49142
736 811 0.35302
737 796 0.43605
738 136 0.46651
739 170 0.42825
740 102 0.44035
741 226 0.20408
742 1146 0.27117
743 22 0.37822
744 781 0.0055726
745 401 0.35384
746 380 0.37456
747 1111 0.49359
748 833 0.38139
749 208 0.39069
750 1290 0.32062
751 15 0.42379
752 1126 0.30979
753 150 0.45509
754 864 0.48972
755 978 0.46883
756 1126 0.39623
757 500 0.59389
758 584 0.4099
759 245 0.24557
760 1014 0.13355
761 1126 0.2482
762 811 0.30087
763 493 0.30147
764 823 0.0088804
765 1136 0.53663
766 1004 0.62383
767 1165 0.40951
768 934 0.3249
769 1150 0.40075
770 1303 0.21305
771 489 0.22447
772 1142 0.56122
773 272 0.35664
774 937 0.40257
775 380 0.38088
776 1177 0.15714
777 895 0.3395
778 1303 0.12395
779 43 0.38936
780 1058 0.15851
781 1063 0.21926
782 1063 0.19267
783 1385 0.26057
784 847 0.42722
785 1105 0.49287
786 918 0.41307
787 25 0.43502
788 866 0.34236
789 867 0.39613
790 109 0.37024
791 602 0.31218
792 454 0.41309
793 453 0.45119
794 205 0.4525
795 979 0.4285
796 872 0.4487
797 375 0.43331
798 376 0.46231
799 1256 0.29846
800 111 0.36682
801 569 0.44265
802 172 0.40308
803 1089 0.40021
804 81 0.39251
805 1260 0.425
806 113 0.41833
807 1228 0.43778
808 386 0.41007
809 873 0.36509
810 1189 0.37587
811 734 0.46138
812 735 0.36865
813 451 0.36887
814 325 0.33282
815 554 0.4782
816 718 0.41333
817 874 0.044548
818 566 0.39333
819 618 0.46964
820 572 0.14125
821 603 0.39062
822 877 0.042398
823 870 0.36331
824 919 0.33046
825 899 0.54999
826 879 0.043968
827 745 0.35456
828 145 0.34655
829 378 0.47896
830 443 0.41467
831 1361 0.49232
832 889 0.096646
833 652 0.3832
834 1165 0.36292
835 126 0.36089
836 588 0.42729
837 661 0.36654
838 168 0.29196
839 218 0.40457
840 1029 0.35356
841 1266 0.39556
842 600 0.13447
843 883 0.37216
844 681 0.44236
845 1183 0.44933
846 867 0.40538
847 631 0.35955
848 542 0.37066
849 744 0.3772
850 49 0.42328
851 725 0.34858
852 725 0.31172
853 654 0.47976
854 517 0.29368
855 178 0.48955
856 584 0.45253
857 228 0.39092
858 421 0.41307
859 172 0.43433
860 747 0.26034
861 1266 0.31923
862 887 0.37253
863 1205 0.32219
864 919 0.29206
865 920 0.29594
866 652 0.39755
867 666 0.3796
868 927 0.11269
869 928 0.045082
870 1230 0.32567
871 71 0.38571
872 1213 0.18678
873 500 0.15476
874 193 0.46765
875 395 0.43683
876 26 0.39308
877 575 0.41071
878 527 0.30169
879 682 0.36193
880 681 0.29969
881 1098 0.37316
882 739 0.46512
883 935 0.025546
884 666 0.46199
885 936 0.0019071
886 847 0.5492
887 1323 0.32877
888 120 0.33991
889 744 0.36409
890 795 0.54668
891 191 0.39505
892 1214 0.47272
893 938 0.021959
894 939 0.019471
895 648 0.4779
896 1101 0.40509
897 43 0.41182
898 506 0.3424
899 676 0.34105
900 947 0.0085881
901 332 0.49877
902 949 0.054452
903 1284 0.27253
904 206 0.46418
905 325 0.42096
906 783 0.65704
907 402 0.53333
908 227 0.37066
909 187 0.4593
910 408 0.54172
911 166 0.49372
912 584 0.37373
913 1126 0.46284
914 268 0.51121
915 835 0.49321
916 137 0.42658
917 625 0.55994
918 962 0.014981
919 617 0.48599
920 727 0.37196
921 1331 0.3894
922 800 0.35749
923 968 0.0052513
924 1292 0.46022
925 434 0.46588
926 970 0.040718
927 1189 0.35714
928 973 0.0075148
929 845 0.62466
930 219 0.44478
931 165 0.30171
932 330 0.52865
933 979 0.019018
934 980 0.01118
935 204 0.55629
936 68 0.47423
937 420 0.36006
938 984 0.0051885
939 895 0.44375
940 987 0.0073791
941 377 0.45227
942 311 0.52001
943 591 0.38626
944 112 0.48907
945 631 0.37547
946 786 0.40205
947 664 0.49267
948 719 0.48987
949 218 0.40785
950 1029 0.34753
951 1003 0.0069853
952 581 0.50978
953 1141 0.52947
954 273 0.38687
955 324 0.35159
956 1257 0.44112
957 587 0.40783
958 730 0.26805
959 210 0.41607
960 872 0.35399
961 198 0.35778
962 876 0.38251
963 1206 0.39819
964 704 0.33335
965 647 0.52042
966 874 0.52578
967 613 0.41086
968 1223 0.42049
969 349 0.42746
970 503 0.35643
971 795 0.37702
972 527 0.52292
973 1348 0.56722
974 710 0.52712
975 1214 0.2885
976 1025 0.0044451
977 1026 0.002221
978 923 0.45888
979 458 0.37286
980 671 0.17707
981 1306 0.068205
982 1367 0.22958
983 1234 0.51284
984 490 0.52152
985 685 0.076616
986 1252 0.30014
987 504 0.482
988 1061 0.22447
989 1052 0.16999
990 1056 0.11177
991 1063 0.10973
992 1058 0.12642
993 162 0.47811
994 641 0.55066
995 732 0.42869
996 10 0.44723
997 1066 0.022121
998 1068 0.0169
999 1192 0.11342
1000 1190 0.091159
1001 542 0.42261
1002 632 0.40184
1003 1075 0.33859
1004 928 0.34266
1005 1000 0.3629
1006 227 0.43014
1007 873 0.34508
1008 140 0.36403
1009 564 0.3674
1010 219 0.41902
1011 230 0.41052
1012 888 0.35067
1013 887 0.33798
1014 886 0.36147
1015 155 0.3248
1016 1089 0.023082
1017 1090 0.018004
1018 1229 0.37499
1019 20 0.33941
1020 629 0.3754
1021 875 0.45402
1022 1086 0.40161
1023 432 0.46118
1024 653 0.43467
1025 1100 0.14778
1026 106 0.44799
1027 1108 0.024809
1028 1109 0.021126
1029 1142 0.37445
1030 337 0.32568
1031 177 0.36622
1032 414 0.40925
1033 645 0.38367
1034 774 0.28584
1035 146 0.33865
1036 388 0.33493
1037 1116 0.077946
1038 1311 0.36799
1039 1384 0.21747
1040 492 0.33144
1041 1270 0.43493
1042 1119 0.14708
1043 14 0.45964
1044 701 0.46584
1045 941 0.39749
1046 1350 0.21525
1047 1351 0.3356
1048 1121 0.030356
1049 1122 0.03027
1050 988 0.38922
1051 1141 0.45516
1052 249 0.22198
1053 1141 0.34701
1054 599 0.35942
1055 1131 0.016315
1056 1132 0.0060911
1057 1133 0.020248
1058 325 0.47677
1059 1052 0.43176
1060 390 0.44392
1061 1331 0.38155
1062 1236 0.41993
1063 1379 0.46374
1064 118 0.3674
1065 1164 0.39899
1066 1143 0.0038216
1067 106 0.4393
1068 246 0.43622
1069 903 0.52795
1070 706 0.35558
1071 1147 0.010389
1072 811 0.29841
1073 5 0.37998
1074 696 0.45238
1075 278 0.32866
1076 813 0.35394
1077 719 0.57194
1078 559 0.70431
1079 798 0.65293
1080 1152 0.01378
1081 734 0.39154
1082 1029 0.36371
1083 339 0.5399
1084 421 0.43184
1085 998 0.46719
1086 436 0.32819
1087 76 0.37584
1088 1157 0.019648
1089 1158 0.019893
1090 1259 0.4914
1091 150 0.46029
1092 1029 0.49876
1093 593 0.43832
1094 407 0.36776
1095 1281 0.38744
1096 1101 0.52089
1097 764 0.43409
1098 251 0.42026
1099 715 0.39632
1100 150 0.46085
1101 1257 0.47696
1102 704 0.34838
1103 254 0.42443
1104 720 0.50757
1105 704 0.37341
1106 832 0.47451
1107 1390 0.44898
1108 704 0.35605
1109 1242 0.090623
1110 1163 0.017142
1111 704 0.42967
1112 704 0.4185
1113 715 0.43689
1114 776 0.40678
1115 945 0.47437
1116 132 0.44471
1117 849 0.48698
1118 691 0.56161
1119 531 0.45265
1120 1165 0.099822
1121 146 0.49623
1122 515 0.51465
1123 945 0.5768
1124 515 0.58187
1125 841 0.068133
1126 874 0.49713
1127 1172 0.16569
1128 1055 0.208
1129 1254 0.078588
1130 1174 0.12669
1131 285 0.1407
1132 285 0.22999
1133 227 0.26623
1134 1072 0.32638
1135 1224 0.36196
1136 226 0.32221
1137 631 0.36355
1138 166 0.44365
1139 152 0.34901
1140 1194 0.43428
1141 653 0.49666
1142 899 0.39636
1143 134 0.43218
1144 715 0.47968
1145 1311 0.29805
1146 198 0.30083
1147 320 0.47808
1148 585 0.47383
1149 403 0.31847
1150 588 0.31664
1151 245 0.36099
1152 1190 0.010775
1153 1191 0.0060048
1154 1192 0.0061812
1155 1073 0.32642
1156 1201 0.20105
1157 532 0.45591
1158 217 0.39429
1159 205 0.43963
1160 1012 0.40937
1161 666 0.42208
1162 123 0.3568
1163 1205 0.14189
1164 149 0.49178
1165 899 0.35209
1166 601 0.53276
1167 1350 0.3677
1168 278 0.27177
1169 1152 0.44541
1170 459 0.41174
1171 849 0.41074
1172 294 0.41178
1173 431 0.39161
1174 509 0.4079
1175 1130 0.076508
1176 923 0.48414
1177 239 0.40328
1178 1382 0.48503
1179 1001 0.44085
1180 46 0.50518
1181 1228 0.0093814
1182 1229 0.012288
1183 1329 0.32927
1184 184 0.39059
1185 579 0.50833
1186 125 0.38081
1187 1317 0.41296
1188 475 0.47828
1189 1293 0.017082
1190 1294 0.051666
1191 1336 0.4356
1192 1141 0.40269
1193 140 0.38136
1194 76 0.38966
1195 456 0.42696
1196 1075 0.39859
1197 267 0.38392
1198 1018 0.41935
1199 1089 0.39935
1200 81 0.45974
1201 1236 0.0079591
1202 899 0.42483
1203 883 0.43724
1204 847 0.17731
1205 614 0.3536
1206 1245 0.58663
1207 1375 0.14822
1208 1304 0.057009
1209 1053 0.052145
1210 1342 0.1038
1211 1254 0.030601
1212 1254 0.02719
1213 1254 0.052646
1214 1254 0.073331
1215 1342 0.030013
1216 1254 0.034067
1217 1342 0.033249
1218 1254 0.018148
1219 1305 0.030519
1220 1255 0.20324
1221 154 0.41978
1222 112 0.38517
1223 1309 0.31571
1224 137 0.36045
1225 104 0.39584
1226 7 0.38298
1227 1259 0.023585
1228 615 0.34601
1229 886 0.50796
1230 1263 0.020996
1231 926 0.35276
1232 158 0.37851
1233 1264 0.028284
1234 1265 0.017955
1235 886 0.3569
1236 332 0.36088
1237 948 0.40226
1238 353 0.39493
1239 542 0.42563
1240 1280 0.0050165
1241 4 0.47204
1242 496 0.40247
1243 1284 0.0051505
1244 1285 0.0038301
1245 1286 0.0040758
1246 1287 0.0058149
1247 1288 0.0025718
1248 968 0.44652
1249 909 0.44663
1250 663 0.4507
1251 907 0.46367
1252 1281 0.3616
1253 1329 0.32882
1254 763 0.39828
1255 646 0.39432
1256 236 0.54086
1257 694 0.57219
1258 701 0.33261
1259 1347 0.32081
1260 856 0.42137
1261 1341 0.063897
1262 1306 0.12104
1263 1305 0.012458
1264 1172 0.18387
1265 1253 0.1269
1266 1342 0.041017
1267 1305 0.023042
1268 31 0.37389
1269 329 0.36318
1270 903 0.43272
1271 1240 0.58621
1272 19 0.36265
1273 810 0.32537
1274 809 0.38617
1275 1195 0.45849
1276 540 0.28554
1277 699 0.47188
1278 274 0.36879
1279 1317 0.066251
1280 365 0.36642
1281 1318 0.14067
1282 1319 0.05231
1283 440 0.37047
1284 1323 0.49705
1285 333 0.43094
1286 431 0.36552
1287 701 0.35956
1288 844 0.246
1289 878 0.5435
1290 1273 0.5393
1291 214 0.52335
1292 51 0.34961
1293 1332 0.0067847
1294 47 0.34107
1295 711 0.50634
1296 191 0.31826
1297 1307 0.46437
1298 1165 0.2277
1299 1340 0.0053239
1300 690 0.36867
1301 1376 0.020731
1302 1375 0.033655
1303 1375 0.023546
1304 1305 0.015937
1305 1265 0.41092
1306 1079 0.45909
1307 1343 0.099162
1308 215 0.39363
1309 1168 0.48232
1310 410 0.30139
1311 671 0.4354
1312 475 0.40499
1313 1348 0.35729
1314 484 0.50445
1315 1348 0.0028582
1316 1024 0.42001
1317 64 0.46499
1318 1064 0.42264
1319 1350 0.0030804
1320 1351 0.003403
1321 1305 0.017744
1322 1305 0.017694
1323 769 0.40229
1324 630 0.39473
1325 685 0.21157
1326 1358 0.0035299
1327 523 0.31854
1328 1108 0.48085
1329 841 0.34044
1330 1364 0.073181
1331 373 0.46879
1332 296 0.28172
1333 528 0.54892
1334 519 0.3255
1335 338 0.50515
1336 701 0.2688
1337 1048 0.098519
1338 686 0.34431
1339 645 0.33336
1340 1380 0.0055844
1341 1382 0.0079546
1342 491 0.5657
1343 855 0.41524
1344 1388 0.0061069
1345 1368 0.30502
1346 1302 0.14902
1347 1389 0.0034895
