1504
1 657 0.54648
2 1082 0.45612
3 221 0.4537
4 589 0.41733
5 540 0.38228
6 10 0.057959
7 4 0.026735
8 866 0.45271
9 1024 0.43213
10 1043 0.42631
11 946 0.37899
12 746 0.37935
13 106 0.35623
14 132 0.41444
15 729 0.39255
16 793 0.40885
17 206 0.40496
18 537 0.43743
19 764 0.41914
20 875 0.38889
21 66 0.38807
22 741 0.35618
23 18 0.014979
24 716 0.404
25 999 0.45195
26 797 0.36598
27 1395 0.3795
28 1207 0.41465
29 118 0.44905
30 187 0.4749
31 40 0.052615
32 41 0.040682
33 31 0.36464
34 225 0.38281
35 226 0.38415
36 1196 0.32462
37 352 0.32633
38 168 0.37974
39 103 0.2977
40 1325 0.39558
41 58 0.025089
42 1073 0.36331
43 125 0.39969
44 90 0.46214
45 60 0.031754
46 881 0.31646
47 1197 0.41921
48 202 0.39289
49 5 0.38407
50 211 0.41732
51 111 0.3945
52 73 0.46975
53 1341 0.4288
54 629 0.42719
55 60 0.36629
56 70 0.03032
57 131 0.40671
58 764 0.40351
59 227 0.40213
60 565 0.27399
61 66 0.022803
62 792 0.43833
63 568 0.41539
64 493 0.47459
65 26 0.46334
66 72 0.028276
67 1321 0.39015
68 327 0.37316
69 75 0.41758
70 619 0.37952
71 743 0.42989
72 1 0.46699
73 12 0.41489
74 582 0.43272
75 79 0.01414
76 612 0.42712
77 1257 0.40807
78 577 0.15542
79 768 0.44091
80 84 0.40753
81 897 0.36203
82 110 0.38256
83 78 0.41493
84 1018 0.39311
85 629 0.43193
86 61 0.42794
87 84 0.36039
88 1230 0.4791
89 660 0.40233
90 431 0.42072
91 820 0.40981
92 741 0.26337
93 14 0.38516
94 116 0.42323
95 74 0.37643
96 235 0.49325
97 444 0.47454
98 289 0.54671
99 535 0.43836
100 873 0.32098
101 549 0.47884
102 22 0.36182
103 576 0.40168
104 88 0.053556
105 201 0.36532
106 49 0.34624
107 72 0.38177
108 79 0.31326
109 412 0.3956
110 80 0.33485
111 190 0.46018
112 836 0.23548
113 1349 0.40504
114 233 0.45177
115 100 0.025276
116 45 0.40218
117 7 0.44457
118 326 0.35109
119 349 0.31333
120 165 0.42412
121 462 0.27886
122 115 0.0308
123 90 0.39861
124 1211 0.31847
125 587 0.4029
126 147 0.44798
127 469 0.37866
128 1078 0.36073
129 481 0.33663
130 159 0.33094
131 872 0.33726
132 362 0.37703
133 1352 0.38571
134 116 0.029838
135 228 0.38596
136 624 0.32788
137 652 0.37783
138 340 0.38704
139 1182 0.3764
140 493 0.37489
141 147 0.41009
142 921 0.46163
143 637 0.40123
144 128 0.40541
145 591 0.41358
146 46 0.35354
147 538 0.43469
148 1350 0.46066
149 334 0.36406
150 418 0.36286
151 148 0.02337
152 149 0.01884
153 871 0.33605
154 1156 0.39464
155 153 0.41249
156 1267 0.30472
157 631 0.41622
158 576 0.44869
159 157 0.0076202
160 884 0.4045
161 1045 0.43393
162 1121 0.29867
163 109 0.35281
164 330 0.3774
165 1094 0.43708
166 1083 0.34953
167 1012 0.43835
168 131 0.43243
169 88 0.48584
170 3 0.45353
171 548 0.40623
172 231 0.43634
173 175 0.08254
174 656 0.29782
175 313 0.39833
176 541 0.37231
177 172 0.018365
178 567 0.44673
179 1273 0.31705
180 888 0.37888
181 357 0.4774
182 205 0.3723
183 237 0.36
184 76 0.40021
185 1205 0.34989
186 192 0.011128
187 144 0.39681
188 143 0.39299
189 448 0.27938
190 636 0.43785
191 795 0.34288
192 575 0.41955
193 559 0.51095
194 873 0.29941
195 198 0.22915
196 1224 0.36196
197 1110 0.36757
198 1303 0.31109
199 1122 0.3718
200 1121 0.38963
201 1202 0.3288
202 207 0.038123
203 823 0.41455
204 455 0.36457
205 185 0.41676
206 667 0.33311
207 791 0.30483
208 609 0.3297
209 106 0.3622
210 324 0.47995
211 611 0.39149
212 760 0.33914
213 213 0.014049
214 214 0.0095711
215 182 0.33357
216 1227 0.29234
217 246 0.34955
218 356 0.32018
219 631 0.36214
220 225 0.007862
221 226 0.0086352
222 159 0.41745
223 638 0.38993
224 626 0.39787
225 1202 0.42895
226 177 0.39868
227 351 0.35724
228 613 0.30129
229 918 0.26324
230 161 0.39868
231 163 0.31781
232 1207 0.41346
233 240 0.037938
234 245 0.044554
235 910 0.33621
236 428 0.4983
237 83 0.43945
238 205 0.35383
239 289 0.45206
240 247 0.32658
241 241 0.3896
242 1006 0.45605
243 1007 0.41294
244 975 0.24796
245 820 0.38312
246 582 0.38175
247 797 0.35503
248 633 0.22515
249 253 0.25065
250 371 0.37622
251 380 0.35441
252 961 0.3395
253 517 0.4957
254 1317 0.18504
255 7 0.35263
256 969 0.25374
257 1001 0.28348
258 366 0.4119
259 976 0.26486
260 538 0.31636
261 1219 0.31342
262 1220 0.28948
263 829 0.45011
264 670 0.30705
265 292 0.37226
266 420 0.35695
267 1151 0.40086
268 273 0.356
269 667 0.29998
270 252 0.39024
271 267 0.011868
272 188 0.42198
273 1126 0.32493
274 1294 0.4128
275 1182 0.32082
276 870 0.37759
277 634 0.45684
278 979 0.2628
279 248 0.29757
280 956 0.27613
281 198 0.30469
282 391 0.39851
283 259 0.40159
284 329 0.54167
285 392 0.49085
286 664 0.28629
287 1134 0.25683
288 679 0.18413
289 1333 0.49368
290 1069 0.45559
291 1019 0.53049
292 1327 0.23907
293 995 0.37186
294 1007 0.4102
295 179 0.41096
296 1202 0.41646
297 636 0.41044
298 195 0.36221
299 632 0.38854
300 551 0.38612
301 1092 0.41672
302 854 0.35733
303 246 0.41506
304 375 0.6425
305 406 0.56216
306 12 0.58029
307 647 0.6365
308 906 0.35461
309 319 0.38972
310 276 0.34643
311 1257 0.44905
312 975 0.21145
313 1375 0.25412
314 315 0.0030257
315 267 0.25151
316 891 0.39564
317 321 0.045805
318 873 0.38735
319 1367 0.45016
320 751 0.33921
321 104 0.37915
322 714 0.30443
323 459 0.28639
324 1028 0.40557
325 911 0.57912
326 588 0.45941
327 595 0.41736
328 504 0.28758
329 1136 0.25519
330 1242 0.33364
331 768 0.37876
332 500 0.40533
333 325 0.135
334 1043 0.42952
335 633 0.34031
336 1052 0.47226
337 108 0.46714
338 1306 0.5022
339 66 0.39016
340 1104 0.50306
341 153 0.41362
342 805 0.35147
343 1215 0.40945
344 326 0.014418
345 354 0.44002
346 984 0.57162
347 732 0.47878
348 711 0.32741
349 909 0.44828
350 558 0.40971
351 465 0.45981
352 1321 0.40406
353 436 0.44869
354 753 0.46956
355 261 0.41466
356 952 0.45041
357 910 0.41465
358 625 0.50381
359 613 0.4697
360 639 0.38301
361 740 0.20391
362 1073 0.39056
363 658 0.42944
364 21 0.31849
365 336 0.019392
366 1022 0.25064
367 351 0.3034
368 174 0.38853
369 937 0.41368
370 338 0.043421
371 425 0.33029
372 339 0.036909
373 574 0.52795
374 341 0.028413
375 283 0.32615
376 1022 0.25886
377 812 0.41783
378 587 0.45442
379 534 0.51169
380 871 0.48959
381 372 0.39837
382 110 0.39878
383 109 0.34004
384 81 0.47896
385 226 0.3415
386 225 0.27871
387 343 0.015238
388 20 0.37401
389 145 0.43389
390 464 0.36179
391 979 0.28284
392 45 0.45521
393 214 0.37101
394 1238 0.40121
395 541 0.44355
396 572 0.41225
397 731 0.49717
398 43 0.48303
399 1239 0.31447
400 457 0.32552
401 711 0.39563
402 1201 0.46044
403 912 0.32068
404 469 0.41745
405 752 0.040035
406 351 0.028958
407 350 0.016432
408 355 0.018021
409 724 0.36784
410 629 0.3862
411 354 0.066115
412 498 0.37387
413 492 0.59109
414 644 0.5718
415 179 0.53482
416 1052 0.39002
417 439 0.45248
418 516 0.45984
419 1351 0.3809
420 643 0.39708
421 1039 0.30796
422 1105 0.43752
423 1172 0.42469
424 814 0.45382
425 659 0.37587
426 381 0.33505
427 1172 0.27168
428 459 0.35699
429 367 0.048188
430 936 0.38451
431 906 0.44688
432 203 0.40979
433 637 0.41006
434 759 0.03149
435 325 0.49574
436 56 0.37045
437 371 0.013129
438 372 0.01255
439 164 0.30044
440 378 0.36242
441 1001 0.36156
442 374 0.021018
443 162 0.28784
444 1348 0.34695
445 165 0.36209
446 681 0.28413
447 749 0.34867
448 708 0.48147
449 864 0.49532
450 726 0.39161
451 1261 0.38555
452 230 0.47037
453 451 0.36776
454 977 0.43074
455 46 0.32658
456 533 0.40526
457 382 0.027522
458 24 0.41743
459 1334 0.39589
460 330 0.41121
461 921 0.49386
462 246 0.39308
463 184 0.43792
464 203 0.51764
465 760 0.32525
466 381 0.12502
467 1211 0.35788
468 1021 0.43141
469 1007 0.31237
470 151 0.39214
471 815 0.37367
472 814 0.40448
473 1107 0.34968
474 899 0.38918
475 615 0.26833
476 1368 0.31674
477 775 0.21227
478 828 0.27331
479 873 0.27904
480 1224 0.37843
481 964 0.29612
482 1278 0.27111
483 227 0.42832
484 785 0.083479
485 786 0.07451
486 787 0.049131
487 241 0.34972
488 1192 0.32924
489 495 0.37541
490 196 0.33986
491 197 0.37712
492 391 0.039928
493 1046 0.47552
494 872 0.50892
495 401 0.11856
496 399 0.0073564
497 900 0.23897
498 405 0.087276
499 243 0.4223
500 497 0.44935
501 404 0.01818
502 202 0.37956
503 234 0.3878
504 407 0.027622
505 408 0.034594
506 149 0.41987
507 1291 0.35571
508 254 0.405
509 872 0.38451
510 871 0.34563
511 604 0.37327
512 729 0.34191
513 791 0.41023
514 409 0.0072869
515 777 0.41647
516 174 0.42755
517 182 0.38232
518 937 0.44776
519 412 0.014569
520 413 0.018027
521 620 0.36483
522 165 0.45693
523 1321 0.46588
524 791 0.44817
525 417 0.066453
526 418 0.012417
527 416 0.076442
528 1018 0.49432
529 565 0.4965
530 1303 0.29712
531 424 0.39888
532 425 0.39316
533 7 0.41904
534 23 0.4326
535 207 0.44517
536 375 0.4766
537 1039 0.32991
538 546 0.27165
539 326 0.30727
540 352 0.34738
541 1187 0.53024
542 1047 0.42375
543 851 0.29683
544 30 0.44699
545 918 0.38715
546 149 0.23378
547 977 0.44084
548 577 0.36365
549 325 0.4881
550 447 0.042281
551 287 0.46284
552 455 0.030786
553 296 0.38404
554 793 0.32624
555 370 0.44418
556 520 0.38639
557 693 0.47262
558 1365 0.44392
559 555 0.48484
560 148 0.50167
561 1065 0.26186
562 110 0.28842
563 111 0.27752
564 1005 0.41593
565 1134 0.27238
566 1202 0.3516
567 591 0.36925
568 827 0.095239
569 469 0.034216
570 1125 0.31556
571 161 0.39481
572 937 0.4014
573 1053 0.44243
574 312 0.45269
575 159 0.40419
576 638 0.31341
577 524 0.39951
578 927 0.36082
579 52 0.45123
580 619 0.42078
581 946 0.40397
582 511 0.41425
583 371 0.4671
584 172 0.41877
585 492 0.11969
586 493 0.0081283
587 1269 0.3692
588 835 0.12678
589 221 0.41029
590 574 0.48897
591 1150 0.51746
592 1053 0.34099
593 742 0.46644
594 334 0.49264
595 1375 0.38268
596 1321 0.43252
597 628 0.46513
598 788 0.53209
599 504 0.032841
600 323 0.40169
601 533 0.42001
602 514 0.054012
603 515 0.015391
604 516 0.078192
605 407 0.45776
606 66 0.44245
607 237 0.44163
608 444 0.32915
609 1104 0.40228
610 1033 0.31042
611 100 0.46097
612 517 0.027579
613 55 0.39232
614 656 0.42722
615 902 0.44107
616 197 0.37653
617 193 0.41501
618 112 0.44785
619 372 0.44989
620 62 0.41203
621 175 0.37964
622 200 0.36324
623 201 0.42743
624 168 0.41078
625 854 0.42427
626 802 0.33885
627 813 0.40911
628 293 0.38645
629 864 0.41667
630 762 0.53437
631 1392 0.51559
632 220 0.36428
633 221 0.39511
634 622 0.34785
635 436 0.35511
636 558 0.39169
637 14 0.38261
638 58 0.41326
639 330 0.31477
640 697 0.41414
641 139 0.30437
642 538 0.010136
643 138 0.38906
644 1082 0.48054
645 1083 0.42193
646 136 0.42524
647 1273 0.42458
648 275 0.41526
649 523 0.44249
650 503 0.45907
651 667 0.4876
652 240 0.35376
653 537 0.092487
654 136 0.42081
655 1158 0.42475
656 1073 0.37008
657 47 0.064125
658 48 0.04958
659 1018 0.45888
660 597 0.37925
661 766 0.36273
662 1097 0.40141
663 715 0.39895
664 1089 0.48026
665 641 0.39213
666 958 0.24735
667 550 0.045784
668 812 0.39445
669 358 0.40475
670 766 0.36128
671 532 0.48265
672 765 0.30185
673 421 0.31221
674 70 0.39473
675 619 0.35624
676 556 0.40355
677 190 0.35081
678 338 0.3695
679 837 0.48293
680 912 0.47974
681 571 0.019067
682 799 0.41476
683 355 0.43274
684 606 0.49567
685 872 0.3881
686 750 0.32321
687 341 0.31243
688 762 0.38431
689 165 0.425
690 209 0.3788
691 164 0.34562
692 159 0.35022
693 814 0.44749
694 587 0.012733
695 906 0.4132
696 67 0.34101
697 1153 0.40913
698 88 0.44327
699 557 0.33983
700 907 0.055615
701 594 0.025108
702 643 0.39208
703 541 0.42444
704 655 0.41896
705 652 0.41541
706 600 0.4606
707 838 0.40285
708 50 0.37763
709 200 0.40383
710 921 0.44057
711 558 0.43049
712 326 0.3523
713 1156 0.47075
714 1121 0.35683
715 330 0.33385
716 111 0.3289
717 170 0.34168
718 884 0.37479
719 612 0.41973
720 435 0.35126
721 851 0.29095
722 876 0.44805
723 405 0.35488
724 953 0.41619
725 110 0.39793
726 109 0.37894
727 51 0.43414
728 1052 0.44659
729 201 0.36955
730 429 0.32576
731 1050 0.32696
732 139 0.11453
733 611 0.0073315
734 619 0.0091032
735 489 0.3993
736 516 0.44416
737 1107 0.41852
738 1219 0.34642
739 83 0.41352
740 620 0.095938
741 621 0.046236
742 21 0.41889
743 655 0.36089
744 1223 0.4622
745 574 0.38545
746 512 0.3929
747 752 0.29989
748 767 0.39183
749 246 0.36345
750 952 0.47837
751 50 0.33287
752 327 0.3648
753 868 0.34787
754 649 0.3978
755 228 0.31938
756 644 0.032483
757 643 0.020233
758 361 0.29679
759 360 0.27917
760 239 0.29825
761 210 0.037963
762 1107 0.46396
763 443 0.38277
764 198 0.24482
765 967 0.27134
766 205 0.29512
767 953 0.30361
768 896 0.39961
769 641 0.34661
770 66 0.38428
771 652 0.024091
772 788 0.28173
773 655 0.012996
774 292 0.2749
775 657 0.0071067
776 659 0.015781
777 658 0.033852
778 1105 0.33451
779 1106 0.42381
780 131 0.38957
781 1375 0.35828
782 668 0.35719
783 543 0.35473
784 662 0.4361
785 967 0.3248
786 971 0.27632
787 263 0.33918
788 669 0.15272
789 208 0.325
790 1042 0.39171
791 1251 0.26369
792 1352 0.39394
793 667 0.39659
794 248 0.25881
795 1190 0.30981
796 360 0.38067
797 963 0.39829
798 682 0.38308
799 866 0.37301
800 1071 0.213
801 861 0.45962
802 889 0.51842
803 248 0.36371
804 690 0.0033214
805 692 0.0040454
806 693 0.0047824
807 299 0.5754
808 695 0.00394
809 696 0.014349
810 697 0.012617
811 68 0.36953
812 69 0.37756
813 701 0.031887
814 702 0.042874
815 1107 0.28983
816 707 0.022084
817 559 0.3563
818 1300 0.58499
819 239 0.36509
820 714 0.0063365
821 1304 0.43907
822 461 0.27832
823 304 0.40701
824 457 0.38055
825 702 0.36184
826 603 0.61488
827 939 0.61689
828 879 0.49069
829 305 0.48429
830 722 0.028531
831 1183 0.22034
832 725 0.059983
833 568 0.32601
834 795 0.47283
835 608 0.31003
836 223 0.30877
837 461 0.34225
838 733 0.021844
839 152 0.34372
840 358 0.45069
841 7 0.44481
842 1324 0.33671
843 739 0.03588
844 736 0.25565
845 1222 0.40862
846 1002 0.27485
847 519 0.13139
848 1029 0.50096
849 517 0.44437
850 1070 0.36777
851 956 0.31046
852 587 0.49212
853 1394 0.45218
854 825 0.39528
855 499 0.52613
856 487 0.48258
857 195 0.41014
858 754 0.017576
859 757 0.053022
860 1039 0.21949
861 1084 0.39808
862 420 0.26618
863 420 0.28556
864 364 0.053112
865 112 0.37803
866 1333 0.33924
867 763 0.067395
868 766 0.0434
869 767 0.032626
870 137 0.46444
871 645 0.44855
872 707 0.37175
873 82 0.4187
874 1102 0.43527
875 675 0.35019
876 775 0.023867
877 234 0.51924
878 555 0.5029
879 1399 0.45424
880 543 0.41992
881 1284 0.43694
882 1019 0.48671
883 1287 0.49054
884 1214 0.39752
885 783 0.055274
886 886 0.33093
887 792 0.032684
888 793 0.036597
889 28 0.36887
890 326 0.24029
891 1267 0.23421
892 319 0.40699
893 800 0.022839
894 398 0.31398
895 491 0.46361
896 798 0.010155
897 193 0.40316
898 109 0.38871
899 791 0.34159
900 948 0.4136
901 812 0.031851
902 1052 0.44494
903 1314 0.39737
904 699 0.35536
905 120 0.36615
906 1022 0.22382
907 1330 0.1457
908 526 0.4221
909 265 0.29969
910 818 0.0043192
911 819 0.0030198
912 426 0.42316
913 1033 0.4884
914 824 0.31627
915 1330 0.16154
916 825 0.020706
917 366 0.52806
918 906 0.54993
919 894 0.39923
920 215 0.19696
921 1398 0.31229
922 129 0.49944
923 736 0.34429
924 374 0.39711
925 793 0.32799
926 834 0.013236
927 1020 0.39378
928 818 0.33534
929 854 0.42475
930 276 0.38507
931 1281 0.37922
932 739 0.4581
933 846 0.021335
934 847 0.020533
935 848 0.011488
936 72 0.35424
937 616 0.38953
938 1376 0.37963
939 153 0.46522
940 552 0.4468
941 841 0.3916
942 988 0.37323
943 301 0.41101
944 159 0.40092
945 352 0.37664
946 515 0.34423
947 1206 0.34595
948 929 0.41975
949 860 0.023802
950 861 0.013804
951 952 0.51139
952 133 0.40636
953 869 0.0079797
954 870 0.010077
955 868 0.029143
956 98 0.33149
957 165 0.36342
958 790 0.38828
959 881 0.043378
960 882 0.015287
961 42 0.36338
962 59 0.41871
963 1010 0.45676
964 658 0.43428
965 157 0.33391
966 892 0.10963
967 624 0.38302
968 871 0.46535
969 147 0.3266
970 586 0.34916
971 176 0.45302
972 1151 0.32488
973 327 0.40791
974 895 0.020036
975 922 0.39551
976 620 0.45825
977 990 0.3737
978 43 0.4912
979 1358 0.47908
980 909 0.021737
981 624 0.39386
982 23 0.46203
983 489 0.34706
984 109 0.35139
985 767 0.40496
986 420 0.35397
987 246 0.26968
988 224 0.44262
989 708 0.35015
990 923 0.023555
991 924 0.021158
992 1219 0.28125
993 73 0.37531
994 765 0.40216
995 931 0.011567
996 932 0.022978
997 660 0.31183
998 934 0.0076036
999 935 0.0077809
1000 440 0.49989
1001 242 0.38624
1002 1213 0.30391
1003 626 0.096179
1004 939 0.016617
1005 252 0.333
1006 1212 0.39238
1007 80 0.34465
1008 161 0.34624
1009 940 0.012088
1010 799 0.31987
1011 408 0.42005
1012 1210 0.35324
1013 72 0.39012
1014 258 0.36608
1015 637 0.41476
1016 675 0.27788
1017 953 0.0039405
1018 650 0.055295
1019 651 0.1979
1020 956 0.0020225
1021 958 0.0066464
1022 959 0.0063516
1023 261 0.34692
1024 795 0.26891
1025 667 0.093223
1026 675 0.22211
1027 970 0.38804
1028 243 0.25521
1029 1046 0.29351
1030 828 0.32276
1031 238 0.32571
1032 919 0.41592
1033 970 0.027335
1034 678 0.23011
1035 1129 0.28281
1036 1189 0.49576
1037 975 0.25591
1038 282 0.28381
1039 100 0.46144
1040 984 0.036523
1041 1230 0.36429
1042 519 0.15883
1043 977 0.31012
1044 479 0.39888
1045 667 0.50348
1046 1304 0.27878
1047 718 0.47322
1048 991 0.0079033
1049 239 0.34547
1050 251 0.31875
1051 712 0.55605
1052 128 0.36145
1053 994 0.35525
1054 530 0.47176
1055 382 0.33167
1056 90 0.40617
1057 877 0.3135
1058 1210 0.44206
1059 1039 0.24816
1060 128 0.53717
1061 1295 0.48163
1062 939 0.37987
1063 44 0.4724
1064 420 0.36053
1065 45 0.45063
1066 393 0.41953
1067 1348 0.50247
1068 120 0.39288
1069 724 0.40407
1070 1006 0.0083003
1071 1007 0.006797
1072 95 0.38356
1073 155 0.40983
1074 354 0.29862
1075 889 0.4825
1076 489 0.42443
1077 562 0.42244
1078 1045 0.47517
1079 595 0.40374
1080 45 0.41658
1081 393 0.45245
1082 1341 0.43772
1083 790 0.069453
1084 791 0.068607
1085 789 0.11363
1086 533 0.40821
1087 788 0.25241
1088 1016 0.0068737
1089 1018 0.026023
1090 68 0.31872
1091 326 0.33568
1092 1022 0.0046038
1093 1024 0.025342
1094 1165 0.13692
1095 1176 0.11723
1096 181 0.44579
1097 1200 0.38605
1098 1031 0.19631
1099 1270 0.35406
1100 814 0.41421
1101 1032 0.0086543
1102 1065 0.38617
1103 1020 0.4736
1104 590 0.43241
1105 175 0.45554
1106 38 0.41699
1107 900 0.36129
1108 208 0.31171
1109 1180 0.50054
1110 613 0.38487
1111 97 0.40393
1112 927 0.33495
1113 967 0.33365
1114 107 0.34528
1115 1040 0.0095368
1116 1041 0.0095656
1117 799 0.41636
1118 1038 0.34881
1119 821 0.4029
1120 247 0.43383
1121 259 0.46205
1122 505 0.36332
1123 102 0.38554
1124 1051 0.010494
1125 1052 0.01739
1126 1053 0.05875
1127 1054 0.054327
1128 439 0.42895
1129 503 0.38858
1130 852 0.29517
1131 1186 0.26393
1132 561 0.51021
1133 463 0.06908
1134 151 0.39472
1135 312 0.38223
1136 313 0.35696
1137 793 0.38457
1138 685 0.28635
1139 685 0.22788
1140 270 0.50516
1141 400 0.44736
1142 271 0.49056
1143 662 0.55677
1144 338 0.37084
1145 1118 0.34282
1146 79 0.37719
1147 899 0.37087
1148 1078 0.0205
1149 204 0.3586
1150 1081 0.014321
1151 1083 0.016278
1152 56 0.3076
1153 55 0.368
1154 1324 0.40155
1155 474 0.36869
1156 1084 0.011153
1157 1213 0.40536
1158 920 0.36858
1159 876 0.37956
1160 622 0.40316
1161 728 0.25982
1162 869 0.3222
1163 618 0.41697
1164 1027 0.44056
1165 205 0.40483
1166 1092 0.0087129
1167 1093 0.0081329
1168 14 0.36088
1169 1091 0.0075077
1170 629 0.32272
1171 630 0.41743
1172 634 0.28856
1173 420 0.28918
1174 1094 0.032897
1175 88 0.37422
1176 591 0.35819
1177 715 0.3819
1178 641 0.46113
1179 1097 0.027469
1180 1098 0.027604
1181 975 0.29096
1182 113 0.45722
1183 898 0.42068
1184 1102 0.0080981
1185 321 0.41084
1186 46 0.32735
1187 1176 0.27853
1188 226 0.37729
1189 409 0.33138
1190 1110 0.01084
1191 480 0.43941
1192 1102 0.31376
1193 272 0.45637
1194 246 0.42515
1195 1321 0.28525
1196 907 0.36847
1197 1096 0.37075
1198 117 0.39612
1199 609 0.35965
1200 98 0.43575
1201 1113 0.028526
1202 352 0.39973
1203 697 0.44648
1204 227 0.38779
1205 913 0.38984
1206 762 0.3411
1207 1395 0.45822
1208 1214 0.36168
1209 894 0.39636
1210 109 0.37896
1211 836 0.3322
1212 891 0.4095
1213 1254 0.24435
1214 641 0.41301
1215 536 0.39435
1216 1101 0.4451
1217 24 0.39609
1218 937 0.28251
1219 565 0.35315
1220 257 0.3905
1221 41 0.41659
1222 582 0.30804
1223 1132 0.025089
1224 1129 0.10533
1225 49 0.31179
1226 185 0.43955
1227 1220 0.44952
1228 1146 0.26211
1229 379 0.43583
1230 1231 0.04046
1231 403 0.21278
1232 705 0.38603
1233 1248 0.46191
1234 906 0.40102
1235 732 0.40457
1236 1151 0.006199
1237 1152 0.0053637
1238 1342 0.40564
1239 253 0.41274
1240 1132 0.46118
1241 352 0.26388
1242 1194 0.38064
1243 104 0.36581
1244 707 0.28854
1245 751 0.36187
1246 498 0.38977
1247 533 0.39019
1248 276 0.46666
1249 530 0.35047
1250 47 0.34016
1251 48 0.37072
1252 366 0.38167
1253 184 0.38106
1254 1162 0.0024892
1255 461 0.15285
1256 1001 0.12195
1257 232 0.37764
1258 895 0.4335
1259 613 0.41146
1260 1167 0.03077
1261 1168 0.017046
1262 1169 0.052487
1263 899 0.40744
1264 1046 0.62847
1265 1011 0.21124
1266 496 0.24778
1267 11 0.43645
1268 635 0.33327
1269 635 0.36334
1270 420 0.23526
1271 948 0.28752
1272 952 0.43844
1273 469 0.47483
1274 1022 0.10982
1275 177 0.36732
1276 824 0.49499
1277 1205 0.42699
1278 1340 0.36698
1279 96 0.42857
1280 512 0.4205
1281 1307 0.54112
1282 1127 0.31053
1283 1253 0.37456
1284 167 0.47863
1285 539 0.40427
1286 150 0.31645
1287 1180 0.27588
1288 714 0.30831
1289 1038 0.41001
1290 1331 0.28427
1291 612 0.36924
1292 597 0.45815
1293 1183 0.43597
1294 1194 0.038162
1295 1195 0.1896
1296 1196 0.053125
1297 1195 0.37501
1298 138 0.2989
1299 382 0.3576
1300 612 0.38796
1301 1202 0.018875
1302 760 0.33375
1303 1204 0.015757
1304 627 0.38774
1305 70 0.41738
1306 6 0.56016
1307 91 0.47387
1308 1211 0.0052776
1309 96 0.477
1310 800 0.41472
1311 1215 0.0079649
1312 1216 0.043094
1313 1217 0.013712
1314 675 0.34831
1315 921 0.34005
1316 874 0.42561
1317 869 0.35509
1318 371 0.3394
1319 417 0.36915
1320 812 0.46557
1321 677 0.39648
1322 10 0.44758
1323 191 0.30545
1324 1276 0.32199
1325 919 0.29088
1326 1222 0.0059843
1327 111 0.4387
1328 715 0.47673
1329 1280 0.33794
1330 419 0.16357
1331 1227 0.035863
1332 1232 0.082249
1333 504 0.3719
1334 1288 0.1422
1335 1289 0.065584
1336 1290 0.032846
1337 154 0.58602
1338 819 0.52577
1339 1315 0.46668
1340 1199 0.48169
1341 1125 0.41481
1342 940 0.43295
1343 55 0.3506
1344 874 0.35912
1345 1146 0.05141
1346 98 0.30508
1347 1237 0.011844
1348 445 0.41491
1349 591 0.46913
1350 689 0.36187
1351 917 0.50451
1352 574 0.40533
1353 840 0.45744
1354 433 0.51304
1355 1250 0.021126
1356 1221 0.46404
1357 1254 0.0074277
1358 854 0.34964
1359 1178 0.037863
1360 1245 0.32191
1361 158 0.41488
1362 315 0.16059
1363 934 0.37746
1364 935 0.39613
1365 1268 0.21267
1366 23 0.45225
1367 207 0.48661
1368 212 0.44685
1369 685 0.21298
1370 1242 0.35619
1371 768 0.37176
1372 210 0.38437
1373 211 0.32759
1374 962 0.38999
1375 5 0.44196
1376 235 0.34778
1377 268 0.41889
1378 207 0.44038
1379 1204 0.4698
1380 206 0.26292
1381 1327 0.2076
1382 673 0.37569
1383 1277 0.0041783
1384 91 0.40265
1385 406 0.47946
1386 565 0.48416
1387 566 0.42327
1388 250 0.37293
1389 1330 0.16356
1390 1330 0.2789
1391 43 0.60981
1392 1286 0.002515
1393 1152 0.43696
1394 1292 0.015693
1395 1293 0.011464
1396 1294 0.0060053
1397 350 0.23128
1398 726 0.25185
1399 618 0.49697
1400 1303 0.0078018
1401 1305 0.0022092
1402 1306 0.01335
1403 407 0.50465
1404 519 0.48505
1405 1309 0.0044289
1406 1310 0.006168
1407 612 0.52233
1408 694 0.50084
1409 1364 0.33203
1410 1365 0.31495
1411 1314 0.036478
1412 1315 0.092093
1413 1316 0.079154
1414 1268 0.15989
1415 145 0.54837
1416 1375 0.4114
1417 1294 0.36747
1418 235 0.37175
1419 1321 0.33495
1420 825 0.40146
1421 1323 0.036847
1422 58 0.37981
1423 1324 0.018605
1424 1325 0.021535
1425 162 0.29303
1426 677 0.35347
1427 614 0.52007
1428 1327 0.016553
1429 667 0.2607
1430 667 0.33794
1431 1170 0.28552
1432 233 0.44338
1433 249 0.34516
1434 586 0.37055
1435 617 0.30149
1436 698 0.4726
1437 590 0.37098
1438 950 0.26101
1439 180 0.3767
1440 246 0.41304
1441 1326 0.48163
1442 109 0.44931
1443 509 0.48438
1444 470 0.49727
1445 304 0.45734
1446 327 0.40769
1447 820 0.39275
1448 1344 0.018434
1449 311 0.47485
1450 1078 0.46194
1451 1366 0.20095
1452 310 0.45265
1453 667 0.33475
1454 402 0.55829
1455 924 0.3452
1456 971 0.37326
1457 677 0.358
1458 1355 0.020083
1459 924 0.41112
1460 710 0.47492
1461 1400 0.34711
1462 1217 0.36704
1463 1327 0.30873
1464 736 0.38472
1465 989 0.50711
1466 986 0.34226
1467 129 0.41266
1468 820 0.51336
1469 1326 0.47061
1470 721 0.49746
1471 197 0.35179
1472 975 0.41284
1473 1136 0.28351
1474 626 0.4977
1475 1026 0.3984
1476 184 0.46637
1477 1392 0.4503
1478 1215 0.43344
1479 1225 0.13132
1480 1039 0.21527
1481 983 0.35247
1482 1341 0.40252
1483 98 0.37233
1484 385 0.42059
1485 486 0.41298
1486 1225 0.1275
1487 1375 0.0055047
1488 1377 0.2144
1489 1390 0.41667
1490 1035 0.51666
1491 543 0.46953
1492 1119 0.41854
1493 1383 0.0039469
1494 1384 0.0048258
1495 557 0.42208
1496 1130 0.51351
1497 775 0.28822
1498 1330 0.2203
1499 1128 0.27502
1500 1237 0.49292
1501 453 0.36951
1502 278 0.51419
1503 1067 0.39339
1504 1070 0.32017
