1845
1 549 0.41833
2 953 0.42265
3 68 0.38968
4 188 0.32671
5 559 0.36512
6 1057 0.38893
7 283 0.45983
8 877 0.39354
9 301 0.30049
10 504 0.34277
11 917 0.31601
12 339 0.40792
13 141 0.40524
14 871 0.39949
15 804 0.41754
16 1154 0.44618
17 205 0.48311
18 145 0.37621
19 191 0.43437
20 403 0.41719
21 1241 0.50005
22 564 0.40006
23 1260 0.40518
24 1190 0.37771
25 806 0.39739
26 435 0.36578
27 266 0.36261
28 530 0.3375
29 1276 0.44583
30 612 0.45049
31 1247 0.40832
32 719 0.42702
33 457 0.43946
34 28 0.047129
35 28 0.37961
36 570 0.46402
37 1090 0.47854
38 43 0.1128
39 455 0.38735
40 376 0.47045
41 34 0.4122
42 25 0.42637
43 1248 0.46262
44 354 0.43358
45 1186 0.37207
46 1187 0.34026
47 852 0.42788
48 853 0.43354
49 39 0.04245
50 614 0.40827
51 152 0.36467
52 856 0.38578
53 1264 0.38746
54 1286 0.39511
55 1287 0.39172
56 115 0.45435
57 690 0.33942
58 664 0.42693
59 665 0.398
60 202 0.441
61 899 0.40576
62 176 0.4061
63 526 0.48761
64 873 0.45383
65 1362 0.43762
66 873 0.46473
67 1084 0.37813
68 130 0.36651
69 148 0.38275
70 1224 0.41058
71 1293 0.29265
72 1122 0.49079
73 774 0.39416
74 855 0.40418
75 243 0.4752
76 531 0.42671
77 123 0.44111
78 47 0.075228
79 565 0.44019
80 64 0.045466
81 65 0.066596
82 753 0.40003
83 1362 0.37577
84 912 0.35632
85 638 0.383
86 328 0.40492
87 1277 0.40945
88 1208 0.35691
89 72 0.031516
90 34 0.33065
91 253 0.3296
92 249 0.40136
93 750 0.3331
94 242 0.34543
95 638 0.29218
96 873 0.3654
97 1254 0.42613
98 34 0.3453
99 943 0.42199
100 599 0.42566
101 696 0.3568
102 743 0.43435
103 857 0.40665
104 1263 0.3967
105 435 0.3661
106 565 0.37691
107 102 0.4832
108 139 0.51566
109 763 0.31796
110 921 0.48439
111 1010 0.44949
112 884 0.40819
113 555 0.44372
114 852 0.38925
115 580 0.43671
116 743 0.35667
117 944 0.38162
118 1089 0.35503
119 25 0.47839
120 153 0.43318
121 855 0.35965
122 101 0.054397
123 1068 0.41558
124 663 0.35901
125 1252 0.32917
126 1263 0.35007
127 1202 0.29721
128 149 0.37433
129 484 0.3754
130 90 0.37317
131 1081 0.45018
132 342 0.43092
133 36 0.41946
134 563 0.46538
135 588 0.39798
136 1045 0.38363
137 120 0.048354
138 121 0.042856
139 1114 0.37308
140 865 0.3809
141 16 0.37937
142 46 0.30247
143 814 0.43098
144 918 0.42687
145 342 0.3851
146 1339 0.45131
147 106 0.22705
148 168 0.30836
149 735 0.31105
150 837 0.36009
151 849 0.32233
152 41 0.40957
153 376 0.43811
154 837 0.47938
155 1346 0.30927
156 1245 0.37165
157 559 0.41172
158 1168 0.42814
159 1244 0.48468
160 580 0.44248
161 997 0.34801
162 857 0.32985
163 434 0.37112
164 824 0.3799
165 145 0.12578
166 214 0.34122
167 445 0.23261
168 318 0.4654
169 589 0.43451
170 615 0.41759
171 856 0.39882
172 856 0.38898
173 90 0.32986
174 604 0.44108
175 841 0.35613
176 209 0.43466
177 608 0.37977
178 153 0.035777
179 456 0.45978
180 75 0.3488
181 503 0.37123
182 739 0.42095
183 358 0.38541
184 961 0.46677
185 836 0.44917
186 86 0.45426
187 903 0.32388
188 228 0.30307
189 81 0.33949
190 80 0.39395
191 620 0.11156
192 341 0.43361
193 858 0.28437
194 1213 0.36023
195 10 0.37451
196 192 0.43972
197 107 0.4313
198 712 0.35156
199 354 0.32078
200 939 0.35647
201 1330 0.35123
202 125 0.38801
203 543 0.47962
204 559 0.33848
205 879 0.40413
206 1229 0.36664
207 966 0.30884
208 274 0.35457
209 873 0.423
210 916 0.3615
211 852 0.37065
212 13 0.3361
213 681 0.31029
214 154 0.30762
215 191 0.042917
216 1199 0.44914
217 990 0.44648
218 669 0.41973
219 915 0.36759
220 826 0.38803
221 309 0.39506
222 528 0.31209
223 1197 0.2791
224 247 0.29145
225 962 0.27945
226 198 0.050552
227 872 0.4655
228 1385 0.32076
229 886 0.38948
230 194 0.40383
231 1326 0.37344
232 1235 0.3822
233 1223 0.37042
234 253 0.4296
235 263 0.38954
236 34 0.34449
237 744 0.41187
238 64 0.38039
239 1385 0.39402
240 603 0.30496
241 188 0.36346
242 325 0.45536
243 205 0.065513
244 206 0.058709
245 214 0.47242
246 346 0.35061
247 1339 0.30649
248 1338 0.32735
249 562 0.38423
250 217 0.034049
251 475 0.40271
252 841 0.32783
253 203 0.36411
254 1384 0.38704
255 400 0.49206
256 1135 0.41465
257 38 0.4816
258 1293 0.35873
259 695 0.31352
260 86 0.36411
261 238 0.26722
262 1330 0.39657
263 150 0.31138
264 878 0.40444
265 954 0.51932
266 233 0.021571
267 933 0.41402
268 251 0.44792
269 978 0.31502
270 625 0.34073
271 1259 0.49012
272 1069 0.39112
273 709 0.36264
274 666 0.39094
275 891 0.49407
276 683 0.37974
277 269 0.29666
278 115 0.39447
279 471 0.38757
280 803 0.36864
281 114 0.37057
282 888 0.31134
283 1153 0.37093
284 1181 0.28061
285 140 0.42557
286 158 0.38392
287 762 0.36584
288 1127 0.31175
289 932 0.33876
290 1056 0.35081
291 16 0.46533
292 9 0.39908
293 265 0.024656
294 416 0.42163
295 908 0.39737
296 1339 0.40358
297 1294 0.39396
298 947 0.35947
299 955 0.43341
300 547 0.41288
301 895 0.53459
302 212 0.41804
303 325 0.38792
304 398 0.37202
305 1327 0.38968
306 1304 0.42519
307 150 0.42887
308 588 0.30343
309 653 0.31082
310 1206 0.28844
311 947 0.35873
312 1339 0.46333
313 947 0.46796
314 902 0.36015
315 108 0.42024
316 607 0.42281
317 250 0.33487
318 273 0.031434
319 896 0.47115
320 337 0.45298
321 310 0.31369
322 260 0.31226
323 694 0.3482
324 1024 0.3421
325 909 0.36393
326 278 0.030523
327 705 0.26592
328 1338 0.33318
329 484 0.3435
330 280 0.10667
331 473 0.36867
332 278 0.30571
333 158 0.32014
334 277 0.44525
335 290 0.030696
336 1412 0.39387
337 970 0.64301
338 1413 0.43858
339 1250 0.45811
340 1401 0.4302
341 964 0.43792
342 1074 0.46096
343 14 0.43369
344 775 0.51274
345 712 0.073482
346 1375 0.36144
347 684 0.34439
348 632 0.41924
349 503 0.34379
350 245 0.34103
351 320 0.054769
352 86 0.53765
353 667 0.45663
354 735 0.37159
355 1049 0.40836
356 456 0.48764
357 920 0.39435
358 614 0.50318
359 1178 0.56119
360 869 0.48237
361 249 0.44649
362 591 0.51112
363 1273 0.40829
364 1255 0.3872
365 1059 0.48953
366 1252 0.44095
367 902 0.46658
368 1341 0.39455
369 101 0.38374
370 849 0.43108
371 1355 0.41329
372 1399 0.50648
373 452 0.51039
374 578 0.45576
375 14 0.28133
376 1020 0.33962
377 1187 0.27701
378 203 0.54834
379 521 0.42401
380 70 0.54472
381 93 0.42089
382 45 0.59343
383 598 0.34249
384 1215 0.42435
385 800 0.48539
386 1088 0.45683
387 808 0.43907
388 1183 0.42687
389 1118 0.39682
390 364 0.055054
391 365 0.10975
392 879 0.43376
393 786 0.46149
394 184 0.40988
395 274 0.47925
396 997 0.33295
397 627 0.46078
398 523 0.37886
399 445 0.52749
400 154 0.46146
401 47 0.41598
402 1104 0.37215
403 373 0.13911
404 601 0.38783
405 1067 0.43721
406 1134 0.49702
407 64 0.44609
408 9 0.36536
409 432 0.39371
410 800 0.38548
411 852 0.52103
412 1363 0.50062
413 1267 0.44783
414 842 0.41165
415 1218 0.42562
416 1219 0.42832
417 1207 0.45372
418 957 0.42743
419 357 0.42272
420 386 0.45139
421 1055 0.42881
422 903 0.37685
423 572 0.38566
424 571 0.37725
425 581 0.58858
426 91 0.51624
427 1111 0.28278
428 759 0.19938
429 637 0.47962
430 640 0.408
431 179 0.4571
432 700 0.40609
433 400 0.1141
434 404 0.072624
435 1156 0.45012
436 1209 0.50236
437 973 0.2323
438 1234 0.35528
439 665 0.43515
440 262 0.34348
441 448 0.30704
442 346 0.57481
443 102 0.56385
444 49 0.43906
445 198 0.48466
446 771 0.36623
447 173 0.53052
448 892 0.44077
449 196 0.37407
450 800 0.44889
451 976 0.36631
452 533 0.3883
453 411 0.351
454 998 0.35243
455 375 0.37551
456 651 0.33086
457 897 0.40717
458 417 0.47844
459 1371 0.46602
460 1313 0.47492
461 959 0.27821
462 789 0.34051
463 196 0.31776
464 1313 0.33265
465 1196 0.40564
466 65 0.53427
467 260 0.40996
468 797 0.32503
469 216 0.37264
470 1005 0.34998
471 1315 0.36331
472 1395 0.39511
473 1193 0.53244
474 547 0.39011
475 479 0.38047
476 978 0.48857
477 227 0.35762
478 379 0.53671
479 757 0.46894
480 1222 0.37993
481 1169 0.30805
482 966 0.35911
483 1103 0.48055
484 634 0.38275
485 661 0.39807
486 404 0.43037
487 97 0.4693
488 1291 0.42302
489 262 0.35291
490 885 0.41306
491 154 0.39064
492 872 0.30728
493 1106 0.45821
494 1030 0.40316
495 1413 0.30919
496 664 0.37263
497 1404 0.51372
498 204 0.46386
499 871 0.49541
500 609 0.44906
501 1378 0.35968
502 531 0.41799
503 1163 0.38598
504 1135 0.39619
505 499 0.47545
506 1192 0.40338
507 1246 0.43198
508 1068 0.39848
509 1196 0.38145
510 1352 0.47567
511 482 0.42698
512 461 0.4481
513 797 0.43287
514 465 0.048518
515 408 0.49389
516 1213 0.53834
517 1233 0.49721
518 1049 0.38471
519 705 0.32426
520 115 0.31486
521 1230 0.47667
522 141 0.3988
523 227 0.38989
524 783 0.40514
525 1152 0.39342
526 1112 0.54619
527 261 0.34201
528 895 0.47842
529 869 0.41574
530 1411 0.20388
531 1371 0.39992
532 962 0.41255
533 931 0.34541
534 80 0.44539
535 748 0.45564
536 1304 0.16442
537 474 0.3
538 475 0.095209
539 998 0.31003
540 1222 0.4325
541 1068 0.40913
542 1394 0.30932
543 1269 0.32638
544 754 0.50323
545 688 0.49771
546 563 0.58383
547 1392 0.27726
548 786 0.47577
549 8 0.48752
550 251 0.4017
551 1045 0.44144
552 1215 0.42511
553 1017 0.28852
554 84 0.44922
555 446 0.40919
556 1003 0.30633
557 474 0.42096
558 1282 0.46727
559 168 0.51293
560 89 0.46028
561 244 0.38252
562 811 0.37767
563 1334 0.36759
564 384 0.22373
565 1073 0.51517
566 569 0.41858
567 125 0.35715
568 595 0.42219
569 86 0.38672
570 1305 0.38994
571 1408 0.47094
572 1353 0.33979
573 1401 0.46385
574 668 0.51045
575 1280 0.19772
576 1013 0.48115
577 595 0.56496
578 105 0.38675
579 1398 0.25656
580 496 0.14844
581 188 0.43246
582 1351 0.38034
583 1202 0.4565
584 393 0.46068
585 74 0.41302
586 637 0.33457
587 257 0.38115
588 1280 0.38252
589 1367 0.33358
590 702 0.23084
591 1132 0.43346
592 1031 0.40362
593 1244 0.34165
594 658 0.27889
595 166 0.38278
596 111 0.3972
597 182 0.32287
598 607 0.48739
599 817 0.48239
600 915 0.37685
601 194 0.40485
602 718 0.40716
603 1170 0.4642
604 1022 0.39688
605 1298 0.297
606 990 0.37151
607 460 0.39407
608 993 0.46073
609 1048 0.48536
610 1361 0.43547
611 503 0.18531
612 75 0.4373
613 1099 0.38795
614 140 0.45332
615 207 0.44125
616 1166 0.41181
617 1374 0.33269
618 22 0.38074
619 831 0.32304
620 1376 0.40103
621 424 0.4194
622 119 0.46541
623 860 0.34598
624 119 0.47721
625 1115 0.32636
626 596 0.36698
627 1076 0.33508
628 1275 0.41945
629 214 0.36073
630 1291 0.40175
631 95 0.48176
632 843 0.4055
633 1214 0.42314
634 899 0.28127
635 32 0.44902
636 642 0.43636
637 1007 0.37864
638 1068 0.35154
639 1409 0.50562
640 638 0.4357
641 135 0.46612
642 528 0.35002
643 1304 0.29658
644 1324 0.41893
645 1346 0.29202
646 740 0.23842
647 55 0.51831
648 696 0.42113
649 144 0.54297
650 1196 0.37152
651 1067 0.5086
652 137 0.48563
653 1385 0.39022
654 1404 0.42548
655 624 0.4344
656 591 0.50731
657 858 0.35601
658 186 0.53138
659 963 0.45899
660 110 0.37472
661 1140 0.23203
662 1209 0.41659
663 215 0.39965
664 497 0.357
665 685 0.33943
666 837 0.33912
667 870 0.43387
668 979 0.42293
669 1346 0.4546
670 1396 0.33032
671 813 0.29771
672 269 0.42594
673 1411 0.27098
674 1394 0.39014
675 768 0.34052
676 1129 0.30005
677 1123 0.30346
678 1190 0.45044
679 984 0.34899
680 1164 0.32695
681 1330 0.38059
682 445 0.44526
683 1083 0.3611
684 688 0.50876
685 79 0.35653
686 596 0.34898
687 236 0.40585
688 867 0.42314
689 1026 0.45851
690 514 0.45312
691 607 0.32164
692 764 0.34361
693 852 0.41976
694 615 0.3896
695 219 0.40458
696 159 0.42863
697 145 0.35425
698 781 0.42417
699 29 0.34209
700 547 0.052897
701 10 0.34842
702 812 0.38942
703 496 0.46015
704 629 0.31913
705 553 0.14774
706 554 0.02351
707 91 0.38819
708 111 0.3254
709 1324 0.41005
710 633 0.4967
711 129 0.45452
712 736 0.4572
713 921 0.35741
714 1302 0.39274
715 491 0.35994
716 816 0.34161
717 357 0.3376
718 564 0.02441
719 1286 0.30154
720 101 0.43012
721 475 0.35301
722 853 0.33764
723 194 0.42031
724 77 0.36695
725 374 0.35815
726 1274 0.40407
727 901 0.39761
728 446 0.36621
729 579 0.02167
730 577 0.35403
731 571 0.51521
732 713 0.41721
733 390 0.42431
734 641 0.4521
735 888 0.4596
736 1089 0.42878
737 617 0.39556
738 566 0.46133
739 1092 0.39302
740 1263 0.42232
741 583 0.038728
742 584 0.024757
743 1244 0.37328
744 604 0.30918
745 218 0.42318
746 902 0.35184
747 429 0.42057
748 179 0.43831
749 136 0.41073
750 524 0.45832
751 551 0.35502
752 564 0.46753
753 844 0.45935
754 804 0.34802
755 915 0.39442
756 552 0.38985
757 3 0.35259
758 526 0.41292
759 323 0.3342
760 590 0.0085537
761 1048 0.38706
762 402 0.34805
763 940 0.32493
764 114 0.064688
765 615 0.41341
766 523 0.43139
767 115 0.13246
768 593 0.029807
769 1186 0.30696
770 1187 0.30298
771 118 0.28773
772 595 0.043783
773 973 0.56931
774 749 0.31864
775 1104 0.36157
776 345 0.3768
777 764 0.37623
778 930 0.32673
779 345 0.38916
780 1215 0.39441
781 1330 0.45625
782 230 0.4528
783 574 0.40332
784 575 0.43308
785 124 0.46694
786 34 0.4241
787 613 0.12951
788 614 0.048489
789 1006 0.45945
790 434 0.36873
791 619 0.045908
792 617 0.098104
793 941 0.40028
794 1024 0.38705
795 697 0.39448
796 585 0.47398
797 17 0.44997
798 922 0.21758
799 923 0.16989
800 554 0.41097
801 602 0.34322
802 554 0.38853
803 1228 0.39776
804 318 0.40844
805 84 0.4306
806 929 0.19713
807 111 0.43125
808 1304 0.40549
809 816 0.33713
810 963 0.40163
811 1134 0.35796
812 603 0.34243
813 1165 0.45936
814 236 0.32819
815 666 0.33931
816 363 0.44284
817 785 0.35931
818 854 0.51523
819 399 0.48251
820 1161 0.40875
821 718 0.40849
822 1294 0.36682
823 648 0.059124
824 379 0.27782
825 1170 0.45413
826 400 0.3368
827 692 0.39398
828 1385 0.33766
829 654 0.011956
830 362 0.4375
831 1400 0.46792
832 356 0.49859
833 1198 0.37202
834 1335 0.35432
835 662 0.017627
836 1274 0.40287
837 630 0.37267
838 930 0.37381
839 1142 0.38515
840 177 0.46288
841 667 0.043958
842 670 0.04741
843 671 0.042639
844 669 0.033751
845 1275 0.36329
846 421 0.35889
847 241 0.34299
848 33 0.30529
849 927 0.44807
850 136 0.35914
851 1175 0.39271
852 915 0.42866
853 527 0.41279
854 526 0.3846
855 1125 0.40552
856 258 0.38487
857 677 0.017657
858 678 0.010184
859 9 0.44393
860 1236 0.34995
861 678 0.36899
862 713 0.43256
863 715 0.40899
864 873 0.30373
865 434 0.38865
866 83 0.44323
867 857 0.38429
868 38 0.36124
869 681 0.059576
870 1138 0.35329
871 696 0.37827
872 685 0.029727
873 1290 0.35777
874 612 0.38801
875 236 0.39488
876 676 0.33613
877 232 0.45294
878 690 0.038032
879 216 0.47329
880 965 0.3351
881 462 0.36387
882 1198 0.38803
883 662 0.38165
884 176 0.39083
885 858 0.38624
886 654 0.33708
887 524 0.36954
888 275 0.43757
889 1133 0.43128
890 278 0.36523
891 704 0.51511
892 298 0.20046
893 918 0.45692
894 688 0.41911
895 693 0.51947
896 739 0.32932
897 565 0.42418
898 395 0.38355
899 703 0.43043
900 588 0.33914
901 1013 0.36452
902 206 0.46776
903 290 0.23342
904 1007 0.52234
905 145 0.35711
906 742 0.42259
907 719 0.072919
908 1115 0.44901
909 784 0.29723
910 454 0.38605
911 1324 0.34133
912 590 0.33117
913 1125 0.35648
914 1126 0.30011
915 752 0.34531
916 1406 0.47654
917 1339 0.4298
918 1041 0.38156
919 1253 0.36909
920 1344 0.3044
921 86 0.44001
922 1065 0.35284
923 1139 0.47157
924 731 0.18721
925 732 0.071797
926 487 0.47141
927 712 0.36394
928 674 0.43146
929 140 0.40781
930 742 0.35385
931 228 0.41133
932 482 0.40154
933 475 0.38242
934 268 0.38227
935 491 0.36433
936 418 0.38824
937 462 0.40624
938 379 0.29587
939 802 0.34335
940 1073 0.4647
941 931 0.39652
942 902 0.35501
943 443 0.44633
944 933 0.3989
945 629 0.40453
946 194 0.38274
947 729 0.39222
948 658 0.38647
949 378 0.28944
950 936 0.45577
951 574 0.46624
952 401 0.5059
953 105 0.46795
954 1257 0.43368
955 565 0.41204
956 1252 0.4964
957 78 0.47038
958 751 0.056332
959 1288 0.50795
960 1083 0.43496
961 753 0.053427
962 86 0.40581
963 221 0.53928
964 187 0.51205
965 801 0.46725
966 585 0.43056
967 997 0.31891
968 1412 0.50261
969 114 0.45578
970 14 0.43867
971 775 0.41599
972 1304 0.26047
973 320 0.40983
974 1241 0.46655
975 1221 0.48961
976 309 0.3626
977 412 0.36067
978 227 0.28544
979 456 0.35118
980 993 0.35124
981 609 0.63466
982 1064 0.46743
983 839 0.45329
984 997 0.43051
985 900 0.27463
986 1339 0.45361
987 1076 0.51637
988 61 0.45236
989 500 0.46022
990 456 0.36335
991 97 0.37289
992 1010 0.49919
993 87 0.38713
994 117 0.49965
995 83 0.48717
996 446 0.14159
997 447 0.171
998 525 0.46357
999 597 0.33853
1000 647 0.35434
1001 645 0.29721
1002 947 0.3799
1003 173 0.38105
1004 466 0.36058
1005 901 0.4463
1006 281 0.28348
1007 1083 0.4024
1008 535 0.57371
1009 536 0.54698
1010 265 0.36499
1011 826 0.39242
1012 274 0.41832
1013 814 0.18623
1014 84 0.53831
1015 298 0.25223
1016 569 0.37221
1017 569 0.38166
1018 742 0.43355
1019 1280 0.15217
1020 153 0.3871
1021 1255 0.38023
1022 1275 0.37139
1023 158 0.35448
1024 170 0.40796
1025 1317 0.46311
1026 598 0.34396
1027 829 0.3738
1028 1333 0.34756
1029 1119 0.45103
1030 970 0.24468
1031 811 0.24632
1032 911 0.43922
1033 60 0.42139
1034 487 0.46942
1035 611 0.42779
1036 1040 0.53783
1037 256 0.37981
1038 1344 0.46032
1039 1075 0.3207
1040 1305 0.2781
1041 634 0.45627
1042 1266 0.46854
1043 499 0.4212
1044 688 0.36175
1045 1062 0.4196
1046 1166 0.29981
1047 1082 0.44497
1048 1326 0.40942
1049 832 0.042579
1050 797 0.44297
1051 1410 0.34642
1052 524 0.50924
1053 1160 0.48388
1054 367 0.47528
1055 1414 0.34313
1056 1345 0.52547
1057 1202 0.49013
1058 979 0.36982
1059 497 0.077515
1060 143 0.39547
1061 1376 0.36292
1062 1196 0.47399
1063 1217 0.44286
1064 1337 0.47293
1065 629 0.47441
1066 1225 0.45266
1067 688 0.29449
1068 659 0.39556
1069 772 0.3882
1070 835 1.0123
1071 1297 0.23616
1072 802 0.43619
1073 768 0.29443
1074 561 0.40223
1075 173 0.45051
1076 452 0.3678
1077 1053 0.44439
1078 375 0.54683
1079 1164 0.42424
1080 644 0.37306
1081 253 0.51153
1082 1049 0.5668
1083 787 0.37453
1084 916 0.40229
1085 1397 0.47184
1086 786 0.44355
1087 537 0.42443
1088 1157 0.47783
1089 487 0.4159
1090 198 0.52887
1091 1229 0.5199
1092 503 0.41134
1093 1280 0.25151
1094 144 0.46474
1095 1100 0.49976
1096 204 0.39751
1097 322 0.46242
1098 379 0.38008
1099 491 0.37805
1100 633 0.42571
1101 1244 0.37672
1102 764 0.30701
1103 213 0.43764
1104 174 0.43509
1105 1397 0.32625
1106 1385 0.29574
1107 602 0.39064
1108 1140 0.40899
1109 665 0.41109
1110 269 0.38398
1111 526 0.49515
1112 498 0.43364
1113 1298 0.25459
1114 529 0.40029
1115 1324 0.48831
1116 434 0.37761
1117 384 0.38636
1118 1395 0.38141
1119 1382 0.53151
1120 1380 0.43887
1121 37 0.38372
1122 1411 0.28766
1123 83 0.5159
1124 827 0.44229
1125 1204 0.35254
1126 842 0.10016
1127 947 0.38719
1128 935 0.36657
1129 1411 0.30545
1130 1413 0.28799
1131 528 0.4864
1132 1142 0.35723
1133 1305 0.3754
1134 1305 0.36962
1135 920 0.35634
1136 1412 0.39903
1137 1096 0.43933
1138 317 0.34025
1139 1405 0.40221
1140 1283 0.43194
1141 546 0.46658
1142 1324 0.40001
1143 595 0.33435
1144 1205 0.3834
1145 44 0.43868
1146 40 0.44272
1147 1092 0.44233
1148 160 0.39542
1149 867 0.41422
1150 1201 0.42138
1151 558 0.2904
1152 527 0.37631
1153 849 0.033864
1154 617 0.37191
1155 855 0.14385
1156 858 0.14841
1157 913 0.40051
1158 44 0.43932
1159 1293 0.27403
1160 491 0.39221
1161 864 0.027789
1162 330 0.49171
1163 95 0.46306
1164 812 0.32776
1165 872 0.13455
1166 861 0.014185
1167 863 0.058683
1168 416 0.36122
1169 410 0.30629
1170 597 0.27981
1171 1005 0.39302
1172 762 0.4101
1173 766 0.3757
1174 870 0.43589
1175 476 0.3855
1176 593 0.4427
1177 836 0.3302
1178 148 0.35763
1179 480 0.38295
1180 588 0.11381
1181 589 0.12789
1182 135 0.31627
1183 1098 0.38358
1184 590 0.431
1185 115 0.44944
1186 933 0.32245
1187 883 0.046756
1188 335 0.48195
1189 1120 0.4363
1190 857 0.39352
1191 274 0.34818
1192 617 0.5655
1193 435 0.44844
1194 888 0.017814
1195 1337 0.62335
1196 387 0.42627
1197 585 0.56236
1198 400 0.47648
1199 905 0.08313
1200 252 0.27336
1201 909 0.056732
1202 912 0.031557
1203 913 0.029226
1204 914 0.0199
1205 1215 0.3513
1206 918 0.053267
1207 217 0.33322
1208 67 0.46975
1209 1285 0.36555
1210 1263 0.25283
1211 752 0.42169
1212 1224 0.35814
1213 646 0.42666
1214 103 0.37212
1215 921 0.058376
1216 464 0.40399
1217 1080 0.38707
1218 717 0.41269
1219 1230 0.33195
1220 932 0.029899
1221 1298 0.35779
1222 1142 0.33621
1223 400 0.51365
1224 670 0.41163
1225 420 0.46932
1226 1393 0.37572
1227 217 0.46012
1228 709 0.38105
1229 934 0.017137
1230 933 0.032619
1231 481 0.2915
1232 1007 0.39835
1233 100 0.40463
1234 926 0.43745
1235 924 0.4093
1236 558 0.41098
1237 645 0.099805
1238 158 0.28369
1239 614 0.46056
1240 1225 0.36946
1241 635 0.35774
1242 939 0.015567
1243 940 0.012416
1244 135 0.35786
1245 1239 0.35247
1246 942 0.01289
1247 946 0.0045821
1248 476 0.28884
1249 72 0.38943
1250 345 0.28925
1251 214 0.35246
1252 964 0.37528
1253 247 0.37728
1254 669 0.41716
1255 1301 0.44069
1256 689 0.15785
1257 258 0.44624
1258 691 0.48616
1259 196 0.44612
1260 1107 0.32798
1261 683 0.324
1262 250 0.50631
1263 1244 0.43093
1264 598 0.46014
1265 1411 0.33509
1266 1204 0.60082
1267 282 0.38271
1268 685 0.48881
1269 1297 0.41112
1270 169 0.3511
1271 1182 0.30838
1272 696 0.36142
1273 486 0.40171
1274 317 0.39761
1275 158 0.3554
1276 1167 0.42321
1277 431 0.38779
1278 1268 0.45083
1279 980 0.024759
1280 995 0.49043
1281 1252 0.36343
1282 814 0.56948
1283 476 0.43126
1284 998 0.36023
1285 1150 0.07774
1286 1151 0.1153
1287 997 0.054134
1288 1000 0.056864
1289 554 0.38609
1290 999 0.08323
1291 1003 0.047215
1292 1167 0.37738
1293 155 0.38589
1294 559 0.49723
1295 1410 0.41583
1296 256 0.48699
1297 625 0.36358
1298 1008 0.063479
1299 648 0.40833
1300 1054 0.54844
1301 91 0.45085
1302 529 0.39466
1303 976 0.41635
1304 1154 0.40095
1305 831 0.47015
1306 1086 0.55715
1307 897 0.42939
1308 932 0.40723
1309 634 0.42566
1310 1177 0.43553
1311 1360 0.38176
1312 319 0.39837
1313 339 0.31388
1314 784 0.36168
1315 937 0.44087
1316 43 0.37547
1317 525 0.45192
1318 1293 0.42008
1319 359 0.40087
1320 551 0.43075
1321 51 0.53947
1322 409 0.4814
1323 886 0.38158
1324 576 0.45849
1325 462 0.47445
1326 830 0.50598
1327 246 0.37605
1328 151 0.42653
1329 82 0.46985
1330 1019 0.29451
1331 1387 0.82166
1332 1035 0.022474
1333 131 0.30205
1334 798 0.50105
1335 1211 0.42315
1336 1045 0.10657
1337 1071 0.46685
1338 920 0.30372
1339 1047 0.04432
1340 24 0.3948
1341 230 0.47877
1342 835 0.54733
1343 1256 0.63347
1344 854 0.45911
1345 699 0.23554
1346 75 0.4323
1347 1286 0.40072
1348 1125 0.35091
1349 192 0.4773
1350 1033 0.2907
1351 1386 0.36257
1352 1009 0.44814
1353 768 0.36896
1354 596 0.51923
1355 295 0.23442
1356 450 0.46313
1357 811 0.68044
1358 1314 0.34
1359 1046 0.24117
1360 1398 0.32161
1361 1393 0.43068
1362 327 0.41351
1363 1167 0.43763
1364 320 0.4079
1365 1012 0.38608
1366 1215 0.37194
1367 853 0.42067
1368 193 0.56599
1369 295 0.29552
1370 1405 0.51706
1371 1411 0.29112
1372 813 0.35165
1373 730 0.4513
1374 831 0.4438
1375 843 0.41368
1376 401 0.46198
1377 1305 0.27507
1378 615 0.3007
1379 1321 0.31762
1380 1385 0.46994
1381 14 0.409
1382 1209 0.41908
1383 1228 0.41276
1384 466 0.46077
1385 691 0.41565
1386 1374 0.28368
1387 590 0.4452
1388 161 0.37146
1389 389 0.35368
1390 852 0.46014
1391 1324 0.26319
1392 125 0.39389
1393 1074 0.039359
1394 9 0.4413
1395 1129 0.31696
1396 253 0.45451
1397 1379 0.38319
1398 328 0.37254
1399 747 0.43504
1400 1405 0.23477
1401 499 0.40468
1402 1069 0.49741
1403 1026 0.44289
1404 491 0.33864
1405 1110 0.29696
1406 580 0.48721
1407 169 0.35534
1408 8 0.38295
1409 1177 0.41697
1410 1383 0.38262
1411 712 0.53429
1412 1354 0.38229
1413 1167 0.48354
1414 1249 0.37504
1415 1085 0.23293
1416 146 0.36397
1417 366 0.37522
1418 1330 0.52191
1419 490 0.44
1420 752 0.38642
1421 1088 0.019027
1422 1089 0.040191
1423 1090 0.014819
1424 1091 0.021062
1425 1086 0.030704
1426 1087 0.045489
1427 1263 0.328
1428 918 0.38565
1429 227 0.37423
1430 1349 0.39792
1431 868 0.063142
1432 869 0.1827
1433 962 0.36997
1434 1295 0.32425
1435 32 0.28825
1436 103 0.39098
1437 509 0.39027
1438 615 0.42123
1439 902 0.35633
1440 1249 0.3389
1441 1060 0.42362
1442 21 0.32418
1443 1302 0.32686
1444 1245 0.34361
1445 1312 0.27917
1446 3 0.36639
1447 1242 0.38122
1448 1000 0.36059
1449 886 0.4007
1450 898 0.41145
1451 725 0.30537
1452 1113 0.023204
1453 915 0.09546
1454 233 0.22704
1455 209 0.30911
1456 916 0.35043
1457 915 0.35267
1458 921 0.36424
1459 581 0.34835
1460 1099 0.33516
1461 158 0.34538
1462 265 0.25574
1463 1114 0.0083319
1464 1390 0.25717
1465 401 0.45182
1466 1242 0.45982
1467 822 0.38726
1468 1305 0.34058
1469 1196 0.40934
1470 180 0.45081
1471 729 0.30245
1472 1297 0.25621
1473 534 0.37992
1474 1124 0.29836
1475 920 0.33905
1476 1079 0.38832
1477 1132 0.0042319
1478 1133 0.0079637
1479 996 0.40601
1480 667 0.44722
1481 945 0.37171
1482 1305 0.3086
1483 1214 0.38433
1484 761 0.40038
1485 280 0.39661
1486 1166 0.43289
1487 1064 0.41441
1488 1060 0.39431
1489 1139 0.019563
1490 38 0.39506
1491 688 0.34083
1492 1250 0.33928
1493 894 0.33934
1494 895 0.39973
1495 669 0.39146
1496 875 0.37974
1497 224 0.37782
1498 273 0.21777
1499 309 0.53432
1500 592 0.58544
1501 78 0.32561
1502 1323 0.44066
1503 436 0.49752
1504 144 0.49356
1505 635 0.4009
1506 746 0.48796
1507 336 0.43961
1508 9 0.40333
1509 439 0.47429
1510 163 0.43674
1511 1157 0.066227
1512 1158 0.034179
1513 966 0.40932
1514 406 0.33504
1515 230 0.40451
1516 447 0.35599
1517 1310 0.43939
1518 804 0.46793
1519 653 0.39331
1520 768 0.46797
1521 1320 0.48524
1522 996 0.46296
1523 794 0.63265
1524 626 0.40766
1525 1154 0.41267
1526 558 0.44587
1527 858 0.40058
1528 692 0.43301
1529 1298 0.34946
1530 1237 0.36542
1531 1152 0.36676
1532 1315 0.45897
1533 1395 0.47968
1534 913 0.41646
1535 260 0.40861
1536 155 0.43582
1537 776 0.40229
1538 739 0.28857
1539 1184 0.1189
1540 1143 0.36161
1541 1185 0.063874
1542 207 0.43612
1543 1398 0.33989
1544 837 0.43845
1545 730 0.3336
1546 184 0.44224
1547 858 0.28948
1548 1137 0.34686
1549 1192 0.047374
1550 949 0.39533
1551 1385 0.47524
1552 156 0.46227
1553 885 0.45525
1554 930 0.37034
1555 1171 0.40165
1556 196 0.48005
1557 1122 0.5138
1558 1222 0.36774
1559 1280 0.29903
1560 301 0.41921
1561 1305 0.32188
1562 591 0.45723
1563 1067 0.48773
1564 84 0.35895
1565 535 0.44471
1566 344 0.34052
1567 498 0.38055
1568 1066 0.31287
1569 1408 0.57891
1570 366 0.43778
1571 829 0.43936
1572 688 0.31424
1573 675 0.39776
1574 215 0.33304
1575 283 0.39187
1576 811 0.45564
1577 1408 0.3885
1578 844 0.41185
1579 390 0.35752
1580 389 0.36028
1581 909 0.40022
1582 1301 0.37306
1583 468 0.34053
1584 935 0.36826
1585 1288 0.35984
1586 339 0.27368
1587 870 0.40274
1588 1215 0.020605
1589 1216 0.020972
1590 1175 0.45545
1591 66 0.40579
1592 547 0.41967
1593 264 0.45408
1594 909 0.38404
1595 188 0.34563
1596 962 0.22052
1597 997 0.2795
1598 531 0.40294
1599 752 0.25379
1600 208 0.28067
1601 1227 0.014138
1602 658 0.37272
1603 271 0.39208
1604 3 0.38411
1605 264 0.41198
1606 1229 0.024772
1607 1001 0.41365
1608 266 0.35061
1609 34 0.33836
1610 1235 0.38369
1611 692 0.29132
1612 468 0.32158
1613 230 0.43289
1614 1240 0.016375
1615 1140 0.32336
1616 1241 0.026705
1617 1123 0.43701
1618 559 0.32465
1619 1206 0.37058
1620 915 0.30549
1621 145 0.41455
1622 1110 0.42227
1623 22 0.40975
1624 443 0.496
1625 1248 0.028885
1626 1249 0.028381
1627 1398 0.26282
1628 298 0.19376
1629 295 0.23841
1630 1411 0.27701
1631 909 0.34783
1632 1308 0.22098
1633 739 0.29989
1634 1253 0.091234
1635 1254 0.14754
1636 1252 0.010324
1637 666 0.39376
1638 1256 0.023846
1639 1257 0.017263
1640 343 0.42628
1641 884 0.49049
1642 1007 0.42131
1643 639 0.48203
1644 865 0.40801
1645 1107 0.40126
1646 14 0.39192
1647 411 0.32273
1648 1383 0.18733
1649 306 0.43608
1650 382 0.3061
1651 859 0.38771
1652 626 0.45761
1653 1132 0.46661
1654 679 0.41523
1655 1268 0.078519
1656 1317 0.39654
1657 765 0.43739
1658 134 0.41583
1659 653 0.30668
1660 962 0.33652
1661 660 0.38431
1662 59 0.37235
1663 1170 0.376
1664 1276 0.10695
1665 1277 0.05259
1666 485 0.54504
1667 692 0.35717
1668 1408 0.30763
1669 1304 0.42782
1670 547 0.4179
1671 1064 0.46947
1672 1362 0.429
1673 719 0.39957
1674 1205 0.19386
1675 675 0.50766
1676 26 0.5915
1677 1129 0.40685
1678 765 0.40726
1679 1334 0.33597
1680 404 0.44995
1681 868 0.3035
1682 1285 0.022996
1683 245 0.28596
1684 823 0.32139
1685 802 0.38047
1686 266 0.26188
1687 694 0.31681
1688 155 0.31148
1689 915 0.40949
1690 1295 0.057279
1691 224 0.35159
1692 496 0.34342
1693 1385 0.44149
1694 1154 0.42377
1695 1297 0.066824
1696 1129 0.39026
1697 250 0.34049
1698 1398 0.19458
1699 1247 0.049758
1700 1303 0.01752
1701 1161 0.32316
1702 534 0.35942
1703 244 0.55843
1704 15 0.44958
1705 305 0.31574
1706 351 0.60941
1707 757 0.62737
1708 1297 0.44824
1709 815 0.39914
1710 1216 0.44226
1711 1091 0.43229
1712 602 0.38941
1713 860 0.44161
1714 1244 0.49304
1715 206 0.61588
1716 897 0.40427
1717 1202 0.37905
1718 997 0.2879
1719 209 0.41651
1720 884 0.32815
1721 608 0.43504
1722 692 0.37295
1723 536 0.42128
1724 1355 0.35459
1725 786 0.43969
1726 28 0.48972
1727 717 0.31676
1728 607 0.38301
1729 245 0.28891
1730 170 0.41659
1731 1117 0.42369
1732 1262 0.39683
1733 1324 0.048495
1734 267 0.50564
1735 1327 0.043465
1736 1360 0.43935
1737 900 0.39156
1738 1330 0.063534
1739 1333 0.044688
1740 927 0.3949
1741 262 0.43943
1742 1335 0.026594
1743 588 0.4414
1744 1336 0.011912
1745 81 0.41091
1746 1340 0.047504
1747 585 0.64306
1748 415 0.44473
1749 167 0.41552
1750 942 0.32886
1751 213 0.36893
1752 1164 0.33635
1753 1297 0.39498
1754 1137 0.35801
1755 305 0.23404
1756 78 0.35983
1757 109 0.38574
1758 280 0.3485
1759 847 0.46562
1760 1345 0.020249
1761 528 0.43004
1762 70 0.35657
1763 400 0.36575
1764 992 0.24884
1765 833 0.51281
1766 921 0.55695
1767 1134 0.47021
1768 675 0.43407
1769 114 0.3581
1770 1405 0.36013
1771 1383 0.65626
1772 35 0.4453
1773 131 0.34533
1774 1211 0.48492
1775 259 0.41108
1776 295 0.17044
1777 1359 0.037437
1778 1360 0.063251
1779 1099 0.33025
1780 132 0.42577
1781 1324 0.15985
1782 1361 0.13439
1783 1362 0.092738
1784 508 0.55861
1785 1334 0.39339
1786 675 0.47676
1787 1403 0.36263
1788 1367 0.019428
1789 1328 0.20509
1790 1249 0.41264
1791 416 0.27814
1792 1339 0.16007
1793 524 0.46373
1794 937 0.424
1795 392 0.42574
1796 1372 0.055507
1797 1346 0.26244
1798 1373 0.022569
1799 1305 0.28639
1800 1323 0.42591
1801 1094 0.30369
1802 581 0.42662
1803 396 0.49732
1804 1298 0.30115
1805 1383 0.38729
1806 1376 0.16017
1807 797 0.37049
1808 1412 0.36122
1809 1378 0.053466
1810 1379 0.032593
1811 942 0.39892
1812 616 0.36505
1813 394 0.35757
1814 1364 0.044573
1815 1366 0.080899
1816 829 0.40791
1817 850 0.45029
1818 275 0.54032
1819 1049 0.70052
1820 142 0.58448
1821 393 0.42168
1822 298 0.22672
1823 859 0.37917
1824 998 0.41402
1825 1394 0.41154
1826 1413 0.46796
1827 1328 0.45828
1828 155 0.41806
1829 925 0.36576
1830 1402 0.045945
1831 1416 0.43846
1832 1270 0.36734
1833 101 0.35459
1834 1298 0.38289
1835 1396 0.55374
1836 1401 0.042937
1837 59 0.34725
1838 1413 0.39798
1839 1076 0.69716
1840 1409 0.46211
1841 456 0.46479
1842 275 0.49201
1843 1019 0.57366
1844 317 0.38957
1845 1413 0.26119
