1252
1 762 0.45196
2 254 0.46014
3 6 0.045452
4 7 0.051827
5 14 0.3761
6 246 0.36175
7 1079 0.41904
8 478 0.30803
9 748 0.41232
10 18 0.42174
11 219 0.4353
12 541 0.37439
13 1104 0.56747
14 107 0.42634
15 186 0.33437
16 580 0.32288
17 551 0.38186
18 23 0.06475
19 156 0.43452
20 307 0.4026
21 668 0.39183
22 724 0.3926
23 725 0.28189
24 1144 0.5594
25 372 0.36927
26 16 0.48282
27 151 0.36456
28 138 0.3612
29 266 0.37826
30 1022 0.38502
31 46 0.042529
32 409 0.48269
33 30 0.033468
34 500 0.093764
35 16 0.45224
36 36 0.38215
37 775 0.38074
38 757 0.44343
39 61 0.36
40 366 0.31517
41 518 0.4304
42 425 0.32007
43 292 0.3589
44 805 0.45794
45 49 0.077897
46 531 0.38096
47 166 0.43184
48 47 0.080767
49 579 0.32468
50 668 0.50991
51 384 0.36895
52 775 0.51608
53 759 0.41948
54 247 0.47711
55 265 0.37745
56 166 0.41677
57 752 0.35141
58 693 0.43013
59 1140 0.47467
60 33 0.36716
61 138 0.38026
62 531 0.32197
63 500 0.47845
64 17 0.52799
65 749 0.46663
66 491 0.54684
67 72 0.49591
68 138 0.37893
69 212 0.488
70 202 0.44936
71 360 0.35728
72 919 0.53716
73 59 0.40169
74 90 0.14538
75 711 0.42435
76 153 0.37761
77 83 0.39424
78 799 0.40883
79 821 0.33543
80 98 0.072329
81 903 0.48494
82 73 0.55083
83 744 0.39148
84 101 0.37129
85 44 0.36015
86 525 0.090155
87 526 0.12904
88 88 0.50688
89 134 0.42508
90 119 0.02839
91 120 0.024241
92 363 0.29774
93 45 0.37119
94 505 0.30998
95 504 0.3644
96 499 0.42575
97 552 0.39447
98 416 0.40736
99 128 0.40067
100 1203 0.45581
101 121 0.081493
102 124 0.033057
103 1117 0.32961
104 1123 0.49614
105 765 0.52722
106 175 0.27572
107 118 0.3543
108 826 0.39543
109 166 0.43268
110 969 0.40814
111 141 0.051055
112 530 0.34847
113 80 0.4322
114 547 0.45296
115 218 0.35853
116 152 0.032135
117 153 0.038209
118 778 0.3192
119 800 0.33522
120 532 0.44008
121 464 0.42988
122 154 0.02418
123 155 0.13147
124 204 0.39702
125 17 0.41008
126 30 0.41055
127 174 0.35923
128 751 0.28922
129 817 0.38405
130 83 0.37817
131 126 0.3861
132 314 0.41643
133 1138 0.37457
134 567 0.39969
135 439 0.33417
136 193 0.36565
137 1185 0.35228
138 141 0.33188
139 1109 0.50368
140 23 0.37644
141 757 0.31329
142 1138 0.33388
143 213 0.39962
144 180 0.049191
145 181 0.041634
146 993 0.36029
147 111 0.40141
148 80 0.30642
149 120 0.40687
150 119 0.34766
151 153 0.3103
152 152 0.30809
153 969 0.3533
154 968 0.31592
155 192 0.016106
156 193 0.031008
157 113 0.33431
158 1139 0.342
159 86 0.44775
160 570 0.33408
161 40 0.38295
162 555 0.30135
163 575 0.044402
164 568 0.34688
165 751 0.32926
166 281 0.33309
167 221 0.44781
168 544 0.37893
169 83 0.40727
170 558 0.27388
171 1068 0.42933
172 204 0.27405
173 542 0.29812
174 568 0.28559
175 1141 0.32149
176 686 0.40133
177 247 0.46484
178 742 0.38123
179 995 0.30929
180 165 0.33424
181 1058 0.5335
182 287 0.38337
183 204 0.3268
184 806 0.35118
185 1183 0.28662
186 1227 0.35975
187 1207 0.37825
188 286 0.45903
189 520 0.42982
190 972 0.42785
191 574 0.40185
192 960 0.26691
193 449 0.30473
194 558 0.26394
195 1234 0.29589
196 715 0.2475
197 429 0.31652
198 825 0.26115
199 168 0.24093
200 54 0.39611
201 596 0.47511
202 816 0.37598
203 980 0.53014
204 875 0.47118
205 751 0.45633
206 540 0.43924
207 97 0.56599
208 625 0.58365
209 748 0.42842
210 1117 0.50561
211 298 0.34782
212 400 0.36564
213 568 0.30059
214 383 0.39727
215 317 0.51958
216 604 0.25845
217 353 0.42071
218 1194 0.42428
219 498 0.3861
220 96 0.46786
221 337 0.48259
222 1146 0.37698
223 606 0.14227
224 1101 0.50191
225 292 0.48197
226 102 0.46044
227 656 0.51401
228 665 0.44235
229 473 0.5409
230 1246 0.25927
231 225 0.46361
232 1207 0.39671
233 374 0.34553
234 139 0.4637
235 154 0.33969
236 479 0.49289
237 1024 0.48932
238 800 0.46377
239 1212 0.47617
240 215 0.41655
241 1184 0.52153
242 513 0.46124
243 399 0.45471
244 712 0.32666
245 288 0.38927
246 404 0.46171
247 380 0.51016
248 552 0.44223
249 435 0.3763
250 26 0.5675
251 437 0.4594
252 972 0.2528
253 558 0.4357
254 520 0.41173
255 18 0.48448
256 269 0.36959
257 280 0.49693
258 1183 0.34169
259 912 0.43546
260 1076 0.35971
261 928 0.53818
262 789 0.40705
263 1079 0.40202
264 666 0.38128
265 119 0.42355
266 13 0.38481
267 927 0.4582
268 697 0.40221
269 299 0.47228
270 584 0.35278
271 585 0.41574
272 51 0.42096
273 927 0.3935
274 1141 0.29495
275 466 0.53523
276 738 0.24015
277 35 0.38774
278 526 0.43168
279 786 0.4341
280 596 0.37519
281 597 0.46607
282 101 0.42372
283 974 0.37683
284 307 0.045605
285 325 0.31554
286 187 0.38228
287 434 0.52483
288 432 0.42548
289 692 0.33653
290 1166 0.45143
291 273 0.43461
292 188 0.37341
293 1218 0.39497
294 663 0.48515
295 432 0.51262
296 752 0.48674
297 299 0.36293
298 1202 0.29378
299 1018 0.43437
300 766 0.42957
301 818 0.34941
302 1057 0.37751
303 242 0.40664
304 603 0.38545
305 329 0.1312
306 330 0.22674
307 263 0.36909
308 76 0.44012
309 43 0.32795
310 247 0.42965
311 144 0.49013
312 1185 0.4954
313 1212 0.32948
314 902 0.42208
315 563 0.36162
316 985 0.4124
317 361 0.43912
318 850 0.41957
319 177 0.37295
320 690 0.52783
321 919 0.415
322 1087 0.5015
323 523 0.4615
324 823 0.36152
325 35 0.42928
326 299 0.26053
327 710 0.40412
328 176 0.26425
329 245 0.45389
330 13 0.41773
331 53 0.37259
332 224 0.35909
333 971 0.31975
334 793 0.30251
335 1117 0.41996
336 299 0.24132
337 23 0.4296
338 782 0.53952
339 486 0.41487
340 245 0.53394
341 294 0.40292
342 657 0.54989
343 98 0.3792
344 94 0.46287
345 901 0.49775
346 43 0.30397
347 42 0.29204
348 33 0.41068
349 133 0.42319
350 929 0.4809
351 483 0.30245
352 130 0.37656
353 1063 0.43738
354 806 0.3353
355 673 0.47971
356 790 0.51137
357 743 0.32617
358 639 0.35766
359 448 0.39861
360 378 0.060459
361 379 0.059452
362 380 0.055609
363 193 0.29768
364 192 0.33373
365 452 0.37285
366 45 0.3725
367 584 0.37759
368 1193 0.45867
369 365 0.5579
370 915 0.35518
371 1076 0.63478
372 505 0.55
373 744 0.35542
374 322 0.4175
375 114 0.45573
376 1008 0.43954
377 121 0.52943
378 322 0.37144
379 43 0.323
380 1217 0.31149
381 839 0.15194
382 417 0.42697
383 75 0.6422
384 691 0.5635
385 756 0.51619
386 604 0.41811
387 33 0.47381
388 80 0.45317
389 399 0.39383
390 1132 0.42879
391 376 0.42172
392 1080 0.52307
393 563 0.40589
394 604 0.47791
395 689 0.17238
396 745 0.3873
397 115 0.38965
398 10 0.44965
399 960 0.40565
400 1237 0.44285
401 513 0.5613
402 816 0.5121
403 905 0.41635
404 994 0.33244
405 826 0.46759
406 824 0.45223
407 1028 0.42379
408 711 0.3233
409 712 0.22225
410 451 0.32412
411 4 0.42884
412 926 0.56512
413 497 0.47393
414 770 0.39371
415 116 0.36204
416 98 0.38025
417 694 0.4857
418 574 0.32867
419 1070 0.33831
420 498 0.38898
421 717 0.4996
422 891 0.51261
423 369 0.51761
424 253 0.48583
425 210 0.43635
426 699 0.20543
427 531 0.3941
428 419 0.37145
429 367 0.35841
430 308 0.44437
431 927 0.45447
432 413 0.53289
433 161 0.44515
434 35 0.46683
435 914 0.54222
436 411 0.11858
437 1174 0.26667
438 44 0.3719
439 808 0.40172
440 521 0.42016
441 1127 0.40023
442 791 0.43503
443 843 0.51226
444 998 0.17593
445 500 0.40352
446 541 0.47428
447 639 0.49841
448 1148 0.46783
449 400 0.42809
450 399 0.48931
451 755 0.41072
452 953 0.44403
453 547 0.49515
454 335 0.38954
455 230 0.54245
456 1213 0.35096
457 453 0.26709
458 754 0.45403
459 501 0.45383
460 383 0.42182
461 314 0.45214
462 902 0.43994
463 744 0.41657
464 755 0.41173
465 149 0.35701
466 586 0.42801
467 740 0.49499
468 251 0.41808
469 997 0.28371
470 529 0.41609
471 868 0.42466
472 607 0.35322
473 365 0.3963
474 1194 0.45408
475 888 0.35866
476 409 0.36385
477 955 0.42479
478 3 0.46254
479 745 0.40334
480 485 0.34631
481 186 0.33732
482 1000 0.39784
483 73 0.40565
484 487 0.042053
485 488 0.030719
486 122 0.34154
487 484 0.29916
488 751 0.34607
489 384 0.3252
490 456 0.37286
491 409 0.38658
492 498 0.42592
493 507 0.066458
494 785 0.34381
495 996 0.40046
496 166 0.31523
497 567 0.33733
498 485 0.43144
499 983 0.36786
500 1138 0.37354
501 534 0.45636
502 512 0.29102
503 755 0.31131
504 507 0.38543
505 523 0.023367
506 1104 0.41433
507 525 0.35502
508 60 0.39062
509 344 0.41585
510 156 0.35247
511 39 0.36386
512 957 0.31931
513 816 0.32516
514 505 0.36363
515 385 0.44788
516 14 0.32296
517 751 0.26285
518 483 0.40518
519 141 0.34429
520 579 0.22019
521 195 0.45544
522 60 0.4193
523 800 0.44859
524 144 0.47069
525 175 0.34237
526 785 0.32619
527 218 0.39348
528 780 0.32362
529 322 0.36071
530 120 0.31873
531 120 0.30799
532 564 0.28664
533 805 0.43627
534 379 0.40267
535 507 0.41495
536 35 0.40162
537 229 0.30229
538 1142 0.35405
539 560 0.028688
540 4 0.35009
541 531 0.32057
542 518 0.41862
543 887 0.38828
544 126 0.31099
545 976 0.44091
546 153 0.2225
547 152 0.22545
548 1142 0.35417
549 959 0.43509
550 778 0.36092
551 1061 0.36827
552 569 0.032064
553 507 0.33285
554 555 0.30951
555 37 0.39702
556 548 0.34643
557 574 0.084412
558 972 0.3167
559 819 0.30929
560 858 0.41517
561 321 0.47595
562 576 0.048092
563 1048 0.32531
564 783 0.39951
565 121 0.46128
566 957 0.30068
567 1076 0.36243
568 586 0.081544
569 204 0.3127
570 254 0.34854
571 70 0.46304
572 119 0.33838
573 824 0.17262
574 824 0.21213
575 1128 0.39719
576 846 0.42768
577 330 0.38367
578 299 0.36245
579 574 0.35436
580 395 0.46197
581 1211 0.44104
582 941 0.39735
583 155 0.40827
584 925 0.32901
585 1164 0.30213
586 828 0.32919
587 756 0.27874
588 141 0.38165
589 281 0.24201
590 72 0.49517
591 415 0.42577
592 844 0.19107
593 176 0.60928
594 876 0.47486
595 620 0.12001
596 1058 0.39053
597 699 0.45188
598 1102 0.65691
599 305 0.45425
600 972 0.34753
601 224 0.35489
602 403 0.33842
603 732 0.40912
604 673 0.4465
605 596 0.38537
606 1186 0.29775
607 9 0.4217
608 88 0.425
609 1002 0.50083
610 972 0.43366
611 1201 0.35379
612 299 0.35233
613 515 0.41016
614 299 0.39114
615 525 0.43317
616 908 0.31706
617 521 0.35828
618 881 0.55
619 1193 0.43203
620 791 0.4931
621 99 0.52826
622 1111 0.38766
623 299 0.2514
624 960 0.32433
625 218 0.32125
626 245 0.44619
627 782 0.45086
628 404 0.43558
629 1223 0.29699
630 860 0.32772
631 653 0.030084
632 654 0.027439
633 1103 0.44708
634 1115 0.38601
635 908 0.32735
636 563 0.24911
637 563 0.25776
638 1023 0.43473
639 715 0.28515
640 575 0.34677
641 712 0.31744
642 1203 0.50783
643 885 0.44068
644 904 0.45007
645 466 0.33294
646 671 0.071958
647 648 0.42093
648 689 0.3917
649 670 0.48801
650 457 0.39565
651 33 0.39672
652 299 0.35063
653 258 0.44873
654 154 0.36217
655 582 0.26316
656 228 0.55068
657 230 0.33655
658 352 0.46272
659 562 0.39261
660 116 0.30818
661 480 0.46713
662 695 0.50311
663 299 0.35841
664 246 0.42301
665 759 0.40952
666 1115 0.36884
667 339 0.53252
668 682 0.10532
669 540 0.51798
670 484 0.33796
671 286 0.42144
672 530 0.5084
673 311 0.55663
674 428 0.3816
675 686 0.1449
676 322 0.53239
677 572 0.48435
678 1125 0.32784
679 445 0.33932
680 193 0.29251
681 192 0.23951
682 860 0.33566
683 991 0.43688
684 633 0.45744
685 338 0.39499
686 574 0.34816
687 42 0.37855
688 43 0.36866
689 618 0.39972
690 1219 0.6319
691 458 0.60414
692 303 0.36841
693 905 0.31542
694 104 0.41041
695 254 0.36922
696 87 0.45342
697 1110 0.37898
698 211 0.37429
699 806 0.3536
700 152 0.30967
701 604 0.3959
702 563 0.36031
703 247 0.43441
704 771 0.6218
705 701 0.10903
706 371 0.50916
707 399 0.4324
708 518 0.44499
709 477 0.50266
710 775 0.37446
711 594 0.38265
712 531 0.38356
713 563 0.41983
714 856 0.46941
715 289 0.42296
716 825 0.27971
717 466 0.41119
718 960 0.38631
719 611 0.45816
720 1088 0.49157
721 962 0.43806
722 13 0.3944
723 806 0.27395
724 13 0.3387
725 1089 0.4558
726 236 0.46675
727 958 0.33954
728 1171 0.28264
729 466 0.33238
730 1165 0.33187
731 743 0.38864
732 1067 0.33362
733 539 0.33844
734 517 0.43335
735 510 0.34173
736 631 0.41923
737 755 0.35539
738 950 0.32109
739 745 0.045171
740 748 0.073056
741 749 0.13907
742 268 0.26988
743 879 0.40082
744 273 0.42824
745 756 0.02832
746 668 0.37274
747 103 0.30478
748 751 0.01674
749 563 0.26632
750 762 0.014265
751 763 0.087621
752 764 0.064063
753 113 0.41679
754 1075 0.38012
755 108 0.41608
756 770 0.3172
757 956 0.035698
758 914 0.35576
759 784 0.42212
760 774 0.011925
761 836 0.48886
762 773 0.010655
763 772 0.02826
764 186 0.16774
765 788 0.41052
766 514 0.38985
767 448 0.37427
768 746 0.3894
769 334 0.38465
770 772 0.43632
771 161 0.39783
772 801 0.026823
773 802 0.018216
774 366 0.41365
775 367 0.37086
776 787 0.39813
777 788 0.52391
778 476 0.4158
779 530 0.42618
780 816 0.49036
781 809 0.062708
782 559 0.31881
783 225 0.61888
784 519 0.36195
785 780 0.39781
786 499 0.46574
787 597 0.47686
788 1067 0.35357
789 957 0.40235
790 121 0.39019
791 655 0.44496
792 554 0.3413
793 555 0.34446
794 34 0.32058
795 750 0.35106
796 14 0.31188
797 547 0.42947
798 30 0.4029
799 574 0.32682
800 237 0.27588
801 823 0.34423
802 731 0.29185
803 558 0.42246
804 584 0.48147
805 399 0.43922
806 376 0.41109
807 343 0.37954
808 1168 0.34539
809 830 0.029469
810 831 0.031173
811 676 0.39174
812 81 0.42137
813 1219 0.45687
814 833 0.028126
815 834 0.020818
816 835 0.038807
817 837 0.012597
818 836 0.038399
819 396 0.47406
820 293 0.42126
821 842 0.041858
822 732 0.42825
823 254 0.47938
824 126 0.32581
825 574 0.35152
826 853 0.035533
827 870 0.48282
828 962 0.44789
829 208 0.40085
830 648 0.3566
831 1148 0.49971
832 76 0.47354
833 574 0.40775
834 546 0.43888
835 494 0.4576
836 327 0.4394
837 465 0.4979
838 1018 0.48802
839 1064 0.36014
840 417 0.35095
841 810 0.38122
842 254 0.41225
843 811 0.31757
844 873 0.099853
845 1080 0.45874
846 475 0.54421
847 1079 0.43222
848 62 0.43858
849 751 0.4477
850 1118 0.34292
851 885 0.037237
852 247 0.26914
853 757 0.3572
854 960 0.27809
855 992 0.50826
856 447 0.20169
857 1071 0.44954
858 1012 0.50947
859 241 0.41782
860 544 0.42633
861 524 0.58409
862 895 0.15048
863 642 0.48575
864 1186 0.35289
865 402 0.40722
866 219 0.49418
867 1050 0.29894
868 794 0.27713
869 671 0.5242
870 115 0.48541
871 583 0.19963
872 305 0.49677
873 125 0.38325
874 297 0.49525
875 143 0.39314
876 210 0.48442
877 1243 0.30686
878 31 0.49906
879 836 0.36661
880 1043 0.47677
881 770 0.39303
882 563 0.30214
883 910 0.038771
884 897 0.36527
885 531 0.40688
886 1022 0.32806
887 398 0.37579
888 816 0.42618
889 448 0.35652
890 664 0.40586
891 233 0.7547
892 531 0.42216
893 774 0.46543
894 622 0.17934
895 337 0.53044
896 311 0.47468
897 691 0.25864
898 815 0.47407
899 1232 0.40434
900 402 0.31668
901 337 0.48119
902 295 0.45962
903 528 0.35772
904 926 0.31349
905 915 0.080732
906 82 0.42982
907 426 0.35329
908 728 0.30547
909 106 0.28324
910 966 0.45832
911 19 0.42862
912 1104 0.46404
913 1102 0.90247
914 551 0.40298
915 226 0.46619
916 922 0.047794
917 451 0.35905
918 65 0.43088
919 555 0.37621
920 1150 0.40101
921 258 0.37419
922 541 0.47911
923 1150 0.39276
924 1053 0.42117
925 182 0.41764
926 927 0.080244
927 126 0.41911
928 519 0.39082
929 1018 0.38695
930 4 0.46696
931 949 0.11107
932 388 0.32916
933 800 0.38154
934 650 0.42171
935 531 0.34253
936 186 0.26483
937 1219 0.41165
938 676 0.4767
939 24 0.34853
940 1066 0.093107
941 808 0.40738
942 564 0.41248
943 957 0.013944
944 958 0.010689
945 218 0.44721
946 65 0.3346
947 54 0.41666
948 962 0.11627
949 587 0.43499
950 974 0.43235
951 1201 0.4004
952 155 0.35158
953 1138 0.34482
954 1116 0.34687
955 968 0.016524
956 969 0.022407
957 755 0.29838
958 134 0.46352
959 531 0.41325
960 691 0.44446
961 571 0.48151
962 974 0.012911
963 979 0.039737
964 980 0.020158
965 476 0.32301
966 352 0.44495
967 769 0.451
968 959 0.37688
969 986 0.017899
970 990 0.31734
971 991 0.016647
972 897 0.41259
973 814 0.3279
974 824 0.28089
975 1187 0.1488
976 32 0.5449
977 1187 0.16452
978 1227 0.42641
979 60 0.40649
980 742 0.40874
981 154 0.38419
982 422 0.4188
983 347 0.44445
984 969 0.37786
985 692 0.40681
986 857 0.40219
987 1002 0.02218
988 1213 0.29095
989 807 0.40306
990 114 0.34523
991 860 0.57867
992 716 0.48626
993 995 0.48757
994 757 0.52073
995 949 0.44446
996 87 0.43499
997 1024 0.4392
998 332 0.54432
999 642 0.41987
1000 887 0.49801
1001 494 0.46728
1002 63 0.34126
1003 119 0.38451
1004 1212 0.34025
1005 1071 0.48069
1006 247 0.35299
1007 757 0.34354
1008 960 0.24462
1009 895 0.11467
1010 894 0.55131
1011 638 0.41603
1012 299 0.29244
1013 1021 0.053644
1014 13 0.30944
1015 905 0.40605
1016 1227 0.31461
1017 385 0.31393
1018 132 0.33749
1019 1026 0.08746
1020 412 0.32457
1021 459 0.37242
1022 558 0.34925
1023 970 0.33277
1024 87 0.38786
1025 1046 0.33195
1026 1165 0.19618
1027 972 0.42235
1028 974 0.3224
1029 175 0.40278
1030 660 0.38386
1031 408 0.501
1032 960 0.35708
1033 1057 0.37843
1034 950 0.50045
1035 686 0.31785
1036 402 0.33899
1037 401 0.42084
1038 121 0.36373
1039 533 0.42798
1040 405 0.31298
1041 1133 0.45115
1042 1115 0.34993
1043 567 0.35885
1044 55 0.38114
1045 838 0.58194
1046 42 0.34035
1047 761 0.3912
1048 1037 0.030639
1049 466 0.38852
1050 1174 0.24692
1051 1175 0.29018
1052 1174 0.22326
1053 369 0.33863
1054 574 0.41242
1055 81 0.44115
1056 187 0.33688
1057 80 0.3386
1058 1117 0.33806
1059 1069 0.037731
1060 152 0.27821
1061 1070 0.025522
1062 559 0.36529
1063 1074 0.0055062
1064 1075 0.0047431
1065 98 0.33945
1066 516 0.34793
1067 1104 0.36562
1068 563 0.30182
1069 236 0.40241
1070 58 0.31051
1071 583 0.30777
1072 33 0.37262
1073 1087 0.0034446
1074 997 0.088842
1075 480 0.36914
1076 425 0.36261
1077 955 0.43661
1078 582 0.37247
1079 1087 0.42974
1080 16 0.39619
1081 257 0.25536
1082 956 0.40722
1083 557 0.38479
1084 1151 0.11099
1085 1093 0.021557
1086 1098 0.057651
1087 1114 0.37561
1088 1220 0.36723
1089 250 0.48717
1090 1157 0.18752
1091 881 0.54381
1092 239 0.34685
1093 186 0.39437
1094 1237 0.3512
1095 943 0.30886
1096 1221 0.46729
1097 1208 0.27987
1098 585 0.37352
1099 968 0.40675
1100 854 0.39067
1101 1129 0.32882
1102 236 0.42659
1103 657 0.37683
1104 1141 0.36825
1105 360 0.27309
1106 697 0.34238
1107 698 0.42961
1108 1035 0.24576
1109 518 0.47508
1110 733 0.23143
1111 963 0.43506
1112 225 0.44281
1113 778 0.33966
1114 1121 0.44719
1115 389 0.3427
1116 35 0.42667
1117 1115 0.3635
1118 1216 0.46541
1119 437 0.4779
1120 1133 0.12105
1121 580 0.3315
1122 579 0.32561
1123 127 0.38109
1124 126 0.35741
1125 65 0.40232
1126 1140 0.050507
1127 124 0.42719
1128 1079 0.44278
1129 393 0.48578
1130 518 0.48088
1131 808 0.51081
1132 302 0.40746
1133 327 0.41752
1134 326 0.37803
1135 1091 0.50898
1136 335 0.39282
1137 947 0.68892
1138 537 0.32269
1139 624 0.45569
1140 525 0.41443
1141 1221 0.30534
1142 1221 0.33671
1143 1027 0.44656
1144 1156 0.017774
1145 312 0.53371
1146 839 0.4629
1147 493 0.5086
1148 1013 0.51229
1149 707 0.39873
1150 893 0.37481
1151 66 0.41948
1152 323 0.33997
1153 588 0.46031
1154 139 0.46432
1155 98 0.34751
1156 1191 0.12321
1157 1162 0.10728
1158 1163 0.14342
1159 451 0.37416
1160 647 0.42692
1161 454 0.26561
1162 1053 0.52417
1163 243 0.41497
1164 150 0.36555
1165 177 0.4873
1166 398 0.42435
1167 1198 0.26558
1168 1167 0.39401
1169 48 0.55585
1170 431 0.43976
1171 707 0.29636
1172 541 0.58444
1173 1141 0.44794
1174 24 0.42586
1175 1199 0.20128
1176 1175 0.098854
1177 97 0.45524
1178 324 0.49987
1179 765 0.27965
1180 771 0.28399
1181 246 0.34741
1182 506 0.4992
1183 1172 0.55748
1184 229 0.59874
1185 1204 0.60614
1186 254 0.2525
1187 519 0.41749
1188 1004 0.56737
1189 41 0.5631
1190 293 0.5576
1191 188 0.4345
1192 588 0.34783
1193 323 0.30519
1194 864 0.43471
1195 372 0.42474
1196 1191 0.010903
1197 731 0.36139
1198 35 0.40148
1199 944 0.10872
1200 396 0.38107
1201 1022 0.53363
1202 1195 0.096201
1203 1021 0.42448
1204 486 0.41301
1205 1061 0.51629
1206 281 0.28743
1207 1218 0.40134
1208 71 0.41776
1209 72 0.36919
1210 184 0.42424
1211 1079 0.35857
1212 969 0.36001
1213 368 0.3909
1214 1193 0.55126
1215 1064 0.36606
1216 1194 0.44355
1217 392 0.57686
1218 869 0.6973
1219 1030 0.43762
1220 1125 0.32331
1221 402 0.53928
1222 1216 0.29931
1223 1171 0.25404
1224 1212 0.26406
1225 1180 0.35036
1226 972 0.37743
1227 1130 0.29805
1228 271 0.53245
1229 230 0.44636
1230 1127 0.31188
1231 555 0.47301
1232 733 0.29532
1233 1224 0.050199
1234 24 0.49813
1235 233 0.62409
1236 233 0.40794
1237 776 0.257
1238 1232 0.033436
1239 1233 0.077174
1240 1223 0.074513
1241 732 0.19678
1242 367 0.38081
1243 737 0.41352
1244 562 0.43488
1245 257 0.39545
1246 837 0.31322
1247 1238 0.038618
1248 1236 0.42474
1249 706 0.4558
1250 454 0.24147
1251 1243 0.070894
1252 1034 0.47882
