1250
1 416 0.31734
2 617 0.45592
3 104 0.4998
4 403 0.52419
5 772 0.38546
6 140 0.42359
7 376 0.48154
8 472 0.36831
9 376 0.46941
10 190 0.32936
11 277 0.51678
12 737 0.43282
13 596 0.30268
14 954 0.42755
15 436 0.39415
16 5 0.42073
17 492 0.41956
18 779 0.47066
19 830 0.31773
20 195 0.36977
21 593 0.3901
22 705 0.39698
23 379 0.3814
24 537 0.44808
25 89 0.45303
26 423 0.37591
27 819 0.36678
28 35 0.39337
29 862 0.42482
30 62 0.48832
31 274 0.43053
32 282 0.48392
33 870 0.44039
34 462 0.34909
35 432 0.46974
36 653 0.4695
37 737 0.37268
38 638 0.4541
39 26 0.39944
40 655 0.45166
41 381 0.40769
42 43 0.45455
43 783 0.37705
44 433 0.43478
45 387 0.37744
46 40 0.3866
47 40 0.35738
48 29 0.40614
49 931 0.41186
50 34 0.4525
51 233 0.47146
52 272 0.49119
53 424 0.41568
54 863 0.43086
55 237 0.4293
56 91 0.46901
57 162 0.41166
58 95 0.43616
59 99 0.41042
60 26 0.43301
61 289 0.37277
62 439 0.44139
63 432 0.54099
64 103 0.43488
65 464 0.49926
66 67 0.017913
67 902 0.34238
68 76 0.047661
69 242 0.56087
70 86 0.46088
71 255 0.35687
72 452 0.41992
73 3 0.44913
74 58 0.31567
75 772 0.41593
76 15 0.36658
77 309 0.50037
78 423 0.47087
79 263 0.41479
80 655 0.42952
81 255 0.48103
82 928 0.40459
83 81 0.040392
84 90 0.03239
85 126 0.41261
86 786 0.29259
87 782 0.35097
88 28 0.42211
89 525 0.53544
90 757 0.37074
91 616 0.37362
92 902 0.3575
93 488 0.31801
94 940 0.44051
95 977 0.4461
96 272 0.30398
97 266 0.37339
98 68 0.42732
99 72 0.48721
100 242 0.43821
101 191 0.39184
102 278 0.44307
103 804 0.42454
104 177 0.35356
105 775 0.44914
106 620 0.44182
107 116 0.46352
108 298 0.31628
109 572 0.31171
110 273 0.38917
111 137 0.3665
112 625 0.31817
113 787 0.3848
114 152 0.48512
115 329 0.43652
116 110 0.14215
117 111 0.081116
118 192 0.3516
119 303 0.50278
120 738 0.46778
121 866 0.45558
122 436 0.49745
123 155 0.44243
124 957 0.35857
125 988 0.46798
126 25 0.43697
127 211 0.30089
128 220 0.45964
129 427 0.39194
130 158 0.28691
131 627 0.36395
132 417 0.41555
133 38 0.29371
134 465 0.38185
135 758 0.52379
136 778 0.43755
137 384 0.311
138 101 0.35164
139 208 0.46084
140 682 0.43071
141 982 0.37184
142 457 0.36715
143 39 0.33186
144 403 0.42194
145 11 0.45112
146 156 0.32107
147 838 0.41153
148 107 0.41783
149 712 0.43849
150 187 0.29441
151 415 0.40965
152 60 0.37145
153 637 0.52282
154 179 0.33624
155 80 0.39843
156 150 0.042357
157 151 0.059257
158 152 0.12478
159 617 0.286
160 778 0.34482
161 451 0.33432
162 154 0.048038
163 37 0.42278
164 252 0.33605
165 451 0.45138
166 467 0.36799
167 157 0.028169
168 158 0.026844
169 187 0.27082
170 395 0.4251
171 861 0.41798
172 572 0.3547
173 384 0.35492
174 55 0.47222
175 621 0.37553
176 30 0.37513
177 725 0.31309
178 456 0.39759
179 650 0.42789
180 194 0.33583
181 451 0.32135
182 639 0.34867
183 908 0.42651
184 23 0.4219
185 493 0.40058
186 784 0.34352
187 644 0.29983
188 470 0.32859
189 471 0.33486
190 41 0.2814
191 630 0.37038
192 139 0.34642
193 180 0.051336
194 151 0.31379
195 462 0.35273
196 676 0.33668
197 810 0.4034
198 467 0.45796
199 455 0.34985
200 179 0.3251
201 912 0.36989
202 886 0.31731
203 186 0.13513
204 176 0.41787
205 189 0.039134
206 191 0.068498
207 720 0.37856
208 797 0.33248
209 941 0.3962
210 179 0.38208
211 426 0.30736
212 60 0.35824
213 167 0.34713
214 496 0.43513
215 934 0.3504
216 174 0.4099
217 131 0.42069
218 93 0.46615
219 756 0.47737
220 295 0.30159
221 788 0.39753
222 304 0.31525
223 787 0.347
224 707 0.60506
225 505 0.41578
226 352 0.22675
227 190 0.31989
228 685 0.38869
229 676 0.38569
230 125 0.35876
231 414 0.284
232 414 0.35611
233 412 0.2721
234 171 0.38056
235 945 0.12329
236 457 0.28448
237 860 0.35572
238 346 0.33024
239 935 0.32082
240 934 0.31061
241 346 0.46299
242 187 0.34129
243 187 0.29463
244 225 0.029587
245 227 0.041763
246 901 0.35152
247 209 0.23597
248 1008 0.28762
249 466 0.46441
250 411 0.47676
251 521 0.42257
252 479 0.38578
253 885 0.29303
254 216 0.23151
255 280 0.26907
256 384 0.39529
257 9 0.28196
258 835 0.46797
259 1 0.43057
260 330 0.42228
261 920 0.35797
262 250 0.074862
263 324 0.48332
264 779 0.43605
265 239 0.40709
266 711 0.37842
267 712 0.43651
268 555 0.53738
269 24 0.49157
270 250 0.44493
271 530 0.39472
272 518 0.35419
273 207 0.39314
274 953 0.40709
275 254 0.091827
276 216 0.24187
277 680 0.46774
278 622 0.45227
279 139 0.40727
280 128 0.33795
281 452 0.46518
282 1017 0.4892
283 226 0.37682
284 223 0.41186
285 427 0.32773
286 581 0.40627
287 654 0.46896
288 749 0.33272
289 615 0.45559
290 415 0.42096
291 940 0.38238
292 35 0.56134
293 538 0.30879
294 37 0.43695
295 458 0.43673
296 420 0.43618
297 511 0.29504
298 233 0.39181
299 740 0.42122
300 59 0.50239
301 50 0.42525
302 883 0.29964
303 953 0.45645
304 275 0.07531
305 993 0.18371
306 688 0.36711
307 104 0.39235
308 105 0.44694
309 329 0.39636
310 135 0.46255
311 370 0.48236
312 371 0.37827
313 895 0.51719
314 77 0.5472
315 538 0.47289
316 537 0.47407
317 280 0.29355
318 766 0.32617
319 736 0.39242
320 260 0.37843
321 178 0.31659
322 295 0.33821
323 682 0.34957
324 337 0.34519
325 5 0.39155
326 121 0.42079
327 950 0.30601
328 32 0.46906
329 673 0.42641
330 190 0.45602
331 622 0.41041
332 203 0.48759
333 953 0.37846
334 5 0.44581
335 650 0.48243
336 927 0.49048
337 255 0.47514
338 902 0.36936
339 294 0.019034
340 293 0.022151
341 298 0.28256
342 840 0.42436
343 422 0.4792
344 950 0.27399
345 412 0.43923
346 517 0.39992
347 587 0.43429
348 17 0.43508
349 283 0.45254
350 300 0.054873
351 515 0.48548
352 924 0.53817
353 632 0.51953
354 815 0.44322
355 380 0.45812
356 158 0.42424
357 342 0.458
358 902 0.39772
359 210 0.39014
360 430 0.43086
361 164 0.46148
362 590 0.38409
363 801 0.26705
364 996 0.37969
365 487 0.45368
366 128 0.42803
367 158 0.40161
368 174 0.41748
369 851 0.39815
370 980 0.40632
371 92 0.45007
372 328 0.07208
373 736 0.40101
374 483 0.50416
375 448 0.32181
376 467 0.38639
377 429 0.35682
378 457 0.40318
379 338 0.010734
380 725 0.46089
381 715 0.49124
382 438 0.3886
383 572 0.32107
384 573 0.30951
385 2 0.49859
386 587 0.33558
387 847 0.46179
388 857 0.37657
389 238 0.4428
390 781 0.40963
391 157 0.41171
392 348 0.040564
393 600 0.41173
394 545 0.47658
395 92 0.4272
396 349 0.036905
397 234 0.28442
398 945 0.26953
399 979 0.44411
400 673 0.40363
401 612 0.41142
402 216 0.25831
403 434 0.33006
404 351 0.0084118
405 2 0.52728
406 993 0.19732
407 994 0.206
408 566 0.21845
409 342 0.40951
410 741 0.55724
411 468 0.50757
412 330 0.4354
413 218 0.51214
414 836 0.46992
415 372 0.32515
416 571 0.28706
417 280 0.38799
418 633 0.46042
419 352 0.44271
420 999 0.54222
421 725 0.58411
422 316 0.26906
423 298 0.39329
424 109 0.3535
425 950 0.3228
426 571 0.41329
427 248 0.42028
428 372 0.045125
429 179 0.47676
430 843 0.35406
431 367 0.30385
432 315 0.32878
433 487 0.18507
434 849 0.21125
435 451 0.3999
436 998 0.5235
437 291 0.41067
438 487 0.42704
439 216 0.25527
440 500 0.42077
441 373 0.049489
442 451 0.40209
443 612 0.40308
444 639 0.50926
445 372 0.15248
446 352 0.33127
447 461 0.44082
448 862 0.41951
449 187 0.51309
450 52 0.49033
451 716 0.41323
452 334 0.56742
453 131 0.58251
454 186 0.43663
455 252 0.55836
456 506 0.37471
457 316 0.30836
458 493 0.32102
459 236 0.50052
460 374 0.21485
461 561 0.40667
462 315 0.27147
463 707 0.48257
464 349 0.40962
465 563 0.47016
466 216 0.24615
467 477 0.46241
468 723 0.40578
469 161 0.46071
470 991 0.32761
471 762 0.34595
472 805 0.54698
473 468 0.38653
474 263 0.48997
475 556 0.47989
476 191 0.8867
477 298 0.42262
478 294 0.26558
479 195 0.43933
480 1013 0.44901
481 298 0.26925
482 298 0.16779
483 376 0.51311
484 42 0.41692
485 763 0.36571
486 18 0.40583
487 389 0.45893
488 981 0.37174
489 47 0.40185
490 785 0.43537
491 161 0.4185
492 139 0.36211
493 245 0.44687
494 379 0.046978
495 440 0.42794
496 403 0.38289
497 484 0.33202
498 438 0.38928
499 827 0.45923
500 57 0.40639
501 47 0.38848
502 156 0.50257
503 569 0.43443
504 140 0.24564
505 296 0.21556
506 520 0.36778
507 454 0.41976
508 827 0.49261
509 33 0.47525
510 101 0.50356
511 133 0.35371
512 60 0.44594
513 660 0.34054
514 200 0.39334
515 412 0.38458
516 179 0.38237
517 475 0.37614
518 181 0.39954
519 597 0.3716
520 761 0.41107
521 137 0.42494
522 45 0.45117
523 521 0.40081
524 479 0.3913
525 423 0.022839
526 596 0.4864
527 109 0.40242
528 45 0.47397
529 424 0.082804
530 170 0.32429
531 398 0.36355
532 40 0.3609
533 426 0.32505
534 211 0.25719
535 434 0.020923
536 322 0.46094
537 687 0.39259
538 437 0.024627
539 448 0.37753
540 319 0.31799
541 982 0.37107
542 201 0.36657
543 224 0.42925
544 793 0.32722
545 463 0.33564
546 157 0.40022
547 169 0.39489
548 766 0.36446
549 664 0.3274
550 764 0.45953
551 452 0.029908
552 774 0.4378
553 453 0.039966
554 456 0.048526
555 394 0.36082
556 861 0.35904
557 739 0.49336
558 889 0.30002
559 655 0.44168
560 194 0.38029
561 855 0.38831
562 177 0.32074
563 959 0.35992
564 155 0.35593
565 748 0.42898
566 664 0.3111
567 464 0.032195
568 589 0.35178
569 381 0.34919
570 799 0.35717
571 920 0.2175
572 209 0.26367
573 43 0.4498
574 913 0.51673
575 485 0.33896
576 504 0.30193
577 196 0.43108
578 811 0.33116
579 161 0.45768
580 803 0.31676
581 1000 0.3647
582 300 0.35334
583 673 0.27841
584 629 0.49336
585 761 0.58907
586 866 0.31939
587 889 0.2931
588 935 0.34682
589 793 0.51526
590 504 0.20855
591 944 0.1355
592 331 0.30708
593 332 0.40249
594 935 0.29252
595 935 0.27789
596 476 0.38463
597 216 0.21255
598 32 0.29005
599 216 0.20403
600 769 0.42067
601 516 0.0068871
602 249 0.11357
603 178 0.36261
604 187 0.3739
605 215 0.37793
606 165 0.45132
607 373 0.21843
608 258 0.35429
609 540 0.2479
610 250 0.39304
611 658 0.48668
612 634 0.44388
613 540 0.29967
614 50 0.29455
615 280 0.36822
616 394 0.34578
617 857 0.34989
618 542 0.032685
619 831 0.33727
620 832 0.28145
621 318 0.32086
622 560 0.40607
623 549 0.064783
624 273 0.086377
625 274 0.15319
626 310 0.49768
627 311 0.40476
628 729 0.50492
629 436 0.55566
630 996 0.41093
631 595 0.52524
632 85 0.57057
633 330 0.48626
634 932 0.43353
635 751 0.42689
636 56 0.33935
637 1014 0.35462
638 566 0.030683
639 624 0.41969
640 567 0.0082632
641 942 0.39269
642 571 0.0064884
643 910 0.43027
644 20 0.47703
645 76 0.48013
646 194 0.4508
647 29 0.52389
648 378 0.46213
649 579 0.015697
650 57 0.51262
651 920 0.30191
652 15 0.48904
653 936 0.5381
654 587 0.043996
655 588 0.071191
656 85 0.48991
657 691 0.27896
658 491 0.29314
659 751 0.3487
660 633 0.41892
661 788 0.29833
662 595 0.49308
663 924 0.46819
664 50 0.42536
665 839 0.4328
666 743 0.44427
667 281 0.40876
668 920 0.34237
669 194 0.39685
670 472 0.43579
671 115 0.49164
672 80 0.4266
673 366 0.48487
674 267 0.43859
675 844 0.38818
676 1000 0.3065
677 524 0.38008
678 1012 0.24825
679 583 0.36831
680 397 0.35746
681 188 0.36288
682 902 0.4184
683 737 0.52983
684 313 0.27217
685 359 0.37201
686 360 0.40582
687 637 0.4769
688 298 0.33368
689 612 0.38363
690 311 0.49783
691 144 0.57487
692 146 0.63089
693 433 0.62961
694 257 0.26951
695 452 0.45079
696 638 0.45003
697 402 0.52576
698 475 0.64162
699 935 0.41083
700 217 0.29251
701 669 0.65435
702 610 0.025382
703 216 0.21144
704 496 0.3933
705 182 0.45044
706 493 0.36757
707 827 0.47805
708 245 0.38745
709 998 0.41872
710 626 0.32901
711 612 0.40513
712 612 0.40636
713 302 0.40516
714 612 0.40148
715 669 0.51346
716 509 0.44742
717 510 0.42965
718 612 0.43337
719 962 0.34514
720 298 0.26365
721 355 0.64451
722 878 0.54758
723 448 0.36034
724 314 0.29406
725 315 0.42179
726 283 0.48635
727 454 0.37718
728 641 0.4613
729 632 0.77189
730 102 0.70817
731 316 0.23352
732 571 0.26893
733 435 0.43033
734 221 0.51084
735 841 0.39086
736 279 0.59621
737 193 0.67864
738 140 0.39908
739 55 0.46339
740 792 0.39181
741 647 0.40549
742 455 0.35756
743 258 0.48931
744 621 0.029188
745 977 0.4664
746 624 0.033134
747 625 0.022242
748 626 0.014155
749 155 0.29024
750 194 0.38253
751 999 0.45043
752 418 0.37759
753 466 0.32371
754 648 0.018282
755 652 0.034629
756 649 0.037212
757 537 0.45604
758 24 0.34847
759 861 0.47972
760 152 0.45352
761 128 0.38351
762 650 0.090998
763 651 0.015453
764 15 0.40599
765 154 0.40334
766 864 0.37026
767 397 0.40825
768 11 0.4457
769 104 0.41756
770 658 0.047627
771 168 0.35766
772 657 0.42739
773 978 0.37045
774 687 0.49927
775 661 0.089677
776 467 0.28557
777 475 0.34654
778 905 0.32243
779 657 0.3156
780 590 0.44872
781 81 0.38946
782 170 0.3819
783 490 0.28971
784 460 0.23154
785 267 0.53704
786 134 0.32007
787 612 0.40008
788 954 0.50409
789 59 0.4442
790 159 0.4486
791 793 0.39771
792 657 0.38697
793 268 0.47072
794 672 0.34866
795 196 0.37955
796 319 0.44506
797 243 0.39644
798 10 0.44159
799 208 0.37231
800 447 0.32251
801 685 0.4254
802 562 0.34722
803 442 0.34289
804 681 0.11831
805 682 0.16913
806 684 0.021517
807 585 0.31632
808 686 0.41687
809 673 0.31742
810 801 0.39889
811 124 0.35458
812 447 0.41094
813 217 0.19301
814 908 0.35029
815 183 0.49191
816 491 0.45317
817 324 0.17517
818 487 0.12857
819 499 0.35411
820 500 0.3487
821 944 0.083647
822 882 0.39843
823 280 0.28897
824 540 0.23276
825 523 0.19342
826 855 0.40929
827 702 0.030371
828 449 0.42174
829 85 0.5299
830 403 0.44633
831 707 0.045855
832 295 0.43897
833 352 0.42683
834 109 0.4363
835 636 0.43582
836 770 0.42935
837 451 0.35235
838 266 0.33486
839 502 0.5103
840 400 0.47001
841 716 0.021088
842 483 0.47952
843 993 0.32605
844 451 0.53451
845 315 0.44559
846 718 0.10134
847 974 0.37599
848 456 0.38111
849 924 0.40104
850 1011 0.4219
851 721 0.020959
852 216 0.3179
853 892 0.37821
854 939 0.38334
855 902 0.49846
856 202 0.50532
857 830 0.4752
858 873 0.47593
859 221 0.44446
860 402 0.37222
861 137 0.34318
862 409 0.4554
863 545 0.43281
864 781 0.33603
865 59 0.36433
866 584 0.16002
867 543 0.52615
868 786 0.34032
869 290 0.46121
870 779 0.51933
871 590 0.43725
872 665 0.38719
873 764 0.50965
874 905 0.34111
875 941 0.28271
876 1014 0.33789
877 229 0.48834
878 542 0.4923
879 20 0.49785
880 663 0.41735
881 15 0.55801
882 600 0.11822
883 320 0.43343
884 835 0.38668
885 116 0.38594
886 317 0.34103
887 752 0.02995
888 541 0.30081
889 997 0.4503
890 878 0.49539
891 610 0.2054
892 313 0.30213
893 759 0.3616
894 760 0.46725
895 138 0.33691
896 298 0.32398
897 434 0.42691
898 1005 0.48329
899 456 0.4493
900 348 0.50271
901 512 0.35461
902 497 0.371
903 610 0.32909
904 442 0.42809
905 891 0.50875
906 441 0.42747
907 18 0.42426
908 749 0.33076
909 750 0.30559
910 610 0.17423
911 346 0.46777
912 90 0.46606
913 596 0.40934
914 499 0.30388
915 401 0.42332
916 665 0.40714
917 946 0.41927
918 947 0.45336
919 769 0.47453
920 91 0.45886
921 54 0.40119
922 177 0.36852
923 1 0.46936
924 584 0.39547
925 287 0.38366
926 939 0.401
927 756 0.028384
928 757 0.023231
929 778 0.39542
930 52 0.53904
931 227 0.50818
932 437 0.44442
933 766 0.012553
934 435 0.43721
935 102 0.42696
936 137 0.44674
937 777 0.019679
938 827 0.39207
939 778 0.013841
940 646 0.3212
941 785 0.062355
942 861 0.075179
943 329 0.35673
944 862 0.11171
945 886 0.36422
946 467 0.40178
947 243 0.37393
948 111 0.38894
949 864 0.34874
950 661 0.37918
951 451 0.40109
952 319 0.31235
953 457 0.31874
954 784 0.2941
955 979 0.40986
956 417 0.36172
957 295 0.35089
958 655 0.37776
959 712 0.40852
960 260 0.42133
961 398 0.41175
962 177 0.37802
963 797 0.14175
964 765 0.28786
965 79 0.28259
966 141 0.27239
967 661 0.39116
968 201 0.40357
969 757 0.40587
970 487 0.14616
971 179 0.39981
972 201 0.33488
973 908 0.45713
974 699 0.24984
975 487 0.2576
976 493 0.32226
977 125 0.36379
978 535 0.4614
979 847 0.3166
980 850 0.39506
981 891 0.39908
982 987 0.48119
983 137 0.46031
984 992 0.43586
985 814 0.014009
986 815 0.035807
987 816 0.0099579
988 817 0.0090029
989 223 0.32406
990 600 0.42047
991 650 0.47767
992 242 0.6129
993 822 0.078104
994 522 0.31826
995 826 0.0093799
996 252 0.37044
997 102 0.37985
998 600 0.48007
999 652 0.38151
1000 418 0.34045
1001 1011 0.41515
1002 302 0.39262
1003 431 0.41295
1004 774 0.41151
1005 26 0.48906
1006 300 0.3899
1007 1017 0.47163
1008 697 0.34986
1009 374 0.46695
1010 282 0.41914
1011 639 0.31982
1012 400 0.43971
1013 542 0.33661
1014 884 0.23034
1015 743 0.38545
1016 208 0.41419
1017 567 0.50213
1018 221 0.37851
1019 935 0.39087
1020 550 0.27048
1021 947 0.49134
1022 616 0.39809
1023 379 0.55839
1024 309 0.37493
1025 499 0.26177
1026 374 0.2529
1027 499 0.21906
1028 991 0.44936
1029 374 0.28176
1030 38 0.31754
1031 490 0.32571
1032 801 0.2437
1033 607 0.22982
1034 363 0.34573
1035 367 0.28046
1036 626 0.39363
1037 500 0.70324
1038 610 0.36064
1039 466 0.36129
1040 818 0.46853
1041 697 0.34747
1042 187 0.47247
1043 749 0.2952
1044 750 0.26348
1045 298 0.22382
1046 346 0.57397
1047 216 0.18252
1048 216 0.18279
1049 165 0.74436
1050 550 0.27672
1051 852 0.088135
1052 563 0.35276
1053 499 0.42481
1054 944 0.10956
1055 673 0.50419
1056 489 0.34336
1057 687 0.31961
1058 177 0.43462
1059 455 0.2594
1060 3 0.3097
1061 729 0.3864
1062 900 0.29785
1063 398 0.3983
1064 319 0.34679
1065 455 0.21254
1066 426 0.28983
1067 173 0.33805
1068 65 0.46071
1069 154 0.49092
1070 80 0.36696
1071 174 0.40255
1072 375 0.164
1073 535 0.40935
1074 763 0.24504
1075 982 0.26013
1076 921 0.27629
1077 815 0.51426
1078 349 0.3638
1079 280 0.43313
1080 673 0.53791
1081 876 0.017893
1082 877 0.010186
1083 1017 0.41672
1084 886 0.007182
1085 329 0.32927
1086 5 0.52142
1087 797 0.42721
1088 103 0.36967
1089 891 0.012656
1090 277 0.46989
1091 738 0.56045
1092 413 0.45338
1093 49 0.45451
1094 504 0.28014
1095 105 0.35839
1096 893 0.10757
1097 894 0.043751
1098 809 0.47293
1099 969 0.040082
1100 970 0.044734
1101 852 0.31841
1102 461 0.43842
1103 39 0.4421
1104 374 0.26364
1105 901 0.43663
1106 612 0.31463
1107 213 0.57568
1108 841 0.39482
1109 346 0.49524
1110 530 0.79928
1111 617 0.47763
1112 235 0.59311
1113 315 0.33306
1114 373 0.1403
1115 607 0.28103
1116 180 0.58478
1117 476 0.53632
1118 502 0.53987
1119 950 0.35546
1120 900 0.076353
1121 484 0.3905
1122 143 0.35227
1123 232 0.45936
1124 814 0.35245
1125 36 0.30017
1126 93 0.3633
1127 905 0.015505
1128 906 0.22293
1129 452 0.53806
1130 909 0.021376
1131 192 0.43158
1132 78 0.40862
1133 59 0.39425
1134 912 0.025034
1135 910 0.060369
1136 386 0.3957
1137 472 0.34915
1138 918 0.036788
1139 122 0.38371
1140 693 0.27612
1141 923 0.0080687
1142 52 0.4234
1143 940 0.36001
1144 927 0.012832
1145 414 0.37672
1146 1018 0.27402
1147 929 0.0055922
1148 424 0.45319
1149 931 0.017034
1150 586 0.43806
1151 933 0.015048
1152 838 0.40176
1153 187 0.34698
1154 964 0.48962
1155 941 0.5568
1156 784 0.41076
1157 107 0.53219
1158 314 0.43612
1159 534 0.44692
1160 830 0.57914
1161 675 0.41246
1162 732 0.36292
1163 178 0.38428
1164 295 0.40561
1165 803 0.32913
1166 953 0.019248
1167 954 0.11362
1168 955 0.10016
1169 375 0.36006
1170 702 0.62957
1171 216 0.42537
1172 963 0.013593
1173 178 0.44517
1174 1003 0.32878
1175 26 0.43317
1176 724 0.36506
1177 969 0.02171
1178 970 0.038148
1179 927 0.47703
1180 370 0.42662
1181 291 0.33964
1182 9 0.38968
1183 717 0.62394
1184 786 0.37147
1185 1001 0.36881
1186 100 0.44078
1187 508 0.43056
1188 682 0.47899
1189 832 0.43798
1190 493 0.44497
1191 361 0.17938
1192 952 0.47691
1193 986 0.013096
1194 301 0.45622
1195 987 0.021277
1196 986 0.4715
1197 784 0.28125
1198 324 0.4366
1199 610 0.29333
1200 216 0.18191
1201 996 0.060011
1202 766 0.40234
1203 857 0.43041
1204 461 0.33611
1205 452 0.36714
1206 825 0.40925
1207 1001 0.46151
1208 948 0.14214
1209 994 0.14123
1210 168 0.50806
1211 610 0.26984
1212 834 0.41314
1213 921 0.34969
1214 581 0.31596
1215 311 0.42086
1216 138 0.47223
1217 43 0.46786
1218 174 0.42424
1219 1006 0.057853
1220 948 0.4004
1221 1005 0.40607
1222 1012 0.10192
1223 1008 0.028458
1224 1009 0.027634
1225 310 0.41615
1226 749 0.43925
1227 161 0.43749
1228 849 0.11503
1229 509 0.46927
1230 725 0.43095
1231 531 0.37639
1232 733 0.30705
1233 920 0.25395
1234 175 0.35845
1235 234 0.29414
1236 1016 0.36881
1237 734 0.41786
1238 1013 0.097506
1239 969 0.17416
1240 357 0.26319
1241 1003 0.24309
1242 897 0.29161
1243 982 0.39924
1244 298 0.29383
1245 888 0.40215
1246 505 0.46458
1247 622 0.41508
1248 209 0.41781
1249 317 0.37845
1250 311 0.46013
