1128
1 23 0.43306
2 17 0.54587
3 847 0.41212
4 18 0.56269
5 12 0.020907
6 11 0.032199
7 1078 0.4115
8 16 0.40691
9 103 0.47763
10 499 0.36983
11 498 0.32795
12 191 0.35717
13 1187 0.46804
14 29 0.4453
15 734 0.39343
16 184 0.33794
17 996 0.3934
18 506 0.52026
19 522 0.31583
20 753 0.40908
21 933 0.44941
22 26 0.017196
23 1059 0.34848
24 396 0.40556
25 487 0.30624
26 375 0.47171
27 12 0.44163
28 1127 0.48279
29 1043 0.40786
30 251 0.48507
31 479 0.46842
32 698 0.41191
33 947 0.33756
34 130 0.47626
35 331 0.51285
36 11 0.37097
37 62 0.405
38 546 0.38246
39 88 0.47091
40 899 0.3751
41 737 0.3309
42 265 0.46928
43 186 0.32236
44 740 0.32605
45 562 0.3612
46 41 0.057881
47 223 0.42539
48 787 0.41879
49 53 0.04475
50 509 0.34761
51 949 0.46558
52 941 0.38952
53 128 0.37868
54 50 0.043568
55 116 0.43378
56 865 0.44802
57 182 0.39665
58 941 0.3967
59 345 0.39726
60 460 0.5423
61 487 0.40022
62 1071 0.39444
63 171 0.43496
64 722 0.41626
65 832 0.43722
66 958 0.43782
67 1104 0.31364
68 998 0.41125
69 1048 0.38311
70 584 0.52928
71 26 0.38464
72 938 0.321
73 563 0.44906
74 1062 0.41364
75 146 0.36148
76 516 0.40021
77 520 0.33157
78 30 0.36888
79 205 0.38288
80 28 0.29648
81 27 0.38062
82 1096 0.41418
83 1080 0.58168
84 599 0.53319
85 761 0.41326
86 566 0.34808
87 164 0.30684
88 1237 0.30745
89 116 0.34056
90 784 0.47605
91 20 0.44887
92 102 0.36824
93 420 0.35272
94 966 0.38954
95 248 0.44345
96 515 0.43666
97 686 0.23694
98 137 0.40002
99 1226 0.46641
100 98 0.074789
101 398 0.44521
102 871 0.27248
103 941 0.43189
104 847 0.35421
105 732 0.37742
106 607 0.37295
107 936 0.28841
108 34 0.45312
109 812 0.40861
110 229 0.45069
111 186 0.2842
112 528 0.36432
113 526 0.32557
114 525 0.2726
115 1009 0.36257
116 496 0.41633
117 1134 0.4758
118 116 0.35569
119 909 0.34793
120 31 0.40877
121 456 0.41629
122 846 0.53249
123 636 0.32901
124 753 0.3832
125 309 0.37925
126 948 0.3226
127 141 0.020859
128 411 0.33556
129 1237 0.41868
130 561 0.43527
131 199 0.36804
132 1056 0.34606
133 146 0.29213
134 545 0.44739
135 933 0.47404
136 942 0.46353
137 149 0.059166
138 150 0.026402
139 103 0.38591
140 103 0.31516
141 103 0.32521
142 790 0.43569
143 152 0.0505
144 686 0.28208
145 1237 0.27971
146 170 0.24156
147 165 0.019663
148 166 0.040465
149 767 0.28781
150 1029 0.21893
151 764 0.17846
152 1061 0.39885
153 1098 0.38847
154 550 0.34022
155 77 0.3869
156 753 0.35092
157 183 0.016932
158 1208 0.44073
159 1055 0.41711
160 457 0.30843
161 600 0.48114
162 853 0.46247
163 699 0.40022
164 1058 0.42702
165 175 0.42694
166 40 0.36388
167 758 0.49564
168 852 0.46925
169 1245 0.39059
170 399 0.20567
171 636 0.31763
172 636 0.33994
173 1181 0.31804
174 785 0.24012
175 1097 0.47343
176 977 0.27042
177 403 0.3599
178 884 0.44421
179 479 0.36506
180 1179 0.3864
181 740 0.37379
182 573 0.2127
183 1237 0.27092
184 196 0.22307
185 213 0.01169
186 209 0.0036945
187 210 0.0034715
188 701 0.37236
189 347 0.4061
190 379 0.23451
191 568 0.42357
192 509 0.41305
193 956 0.40484
194 363 0.47304
195 1047 0.45774
196 865 0.40603
197 222 0.15033
198 7 0.46821
199 122 0.31394
200 546 0.39647
201 232 0.016946
202 229 0.098507
203 931 0.41068
204 6 0.29156
205 28 0.43868
206 1078 0.42625
207 561 0.46359
208 154 0.34419
209 749 0.26698
210 1036 0.39441
211 936 0.39797
212 958 0.22293
213 114 0.44443
214 239 0.11053
215 253 0.40987
216 590 0.46597
217 264 0.42337
218 1215 0.3775
219 171 0.4125
220 285 0.30376
221 216 0.4403
222 648 0.37585
223 247 0.0050886
224 821 0.42701
225 1143 0.40982
226 603 0.082649
227 716 0.32115
228 129 0.38115
229 487 0.38416
230 724 0.4077
231 697 0.35575
232 1182 0.48418
233 720 0.51105
234 254 0.0070489
235 1005 0.32781
236 272 0.40997
237 1113 0.43426
238 634 0.3433
239 136 0.46475
240 258 0.04727
241 34 0.42048
242 370 0.40349
243 260 0.028819
244 208 0.54833
245 156 0.37554
246 1040 0.4486
247 265 0.018993
248 782 0.50561
249 37 0.44017
250 972 0.34374
251 269 0.010779
252 964 0.44494
253 889 0.27157
254 579 0.27037
255 923 0.36956
256 427 0.34973
257 1110 0.40743
258 297 0.20627
259 663 0.24196
260 1227 0.35674
261 392 0.50168
262 893 0.37799
263 141 0.36315
264 277 0.016339
265 310 0.4275
266 881 0.25416
267 1107 0.51381
268 120 0.48753
269 961 0.48603
270 293 0.092951
271 294 0.13885
272 392 0.53002
273 524 0.50008
274 171 0.54113
275 1142 0.20568
276 555 0.47631
277 603 0.3015
278 636 0.26322
279 102 0.43068
280 981 0.53895
281 639 0.46186
282 339 0.49424
283 1216 0.2924
284 633 0.34657
285 574 0.20275
286 321 0.42699
287 837 0.42512
288 308 0.059451
289 438 0.48507
290 265 0.43259
291 622 0.45181
292 124 0.40711
293 557 0.36034
294 723 0.33439
295 175 0.42497
296 763 0.32812
297 799 0.42098
298 328 0.020498
299 329 0.029067
300 584 0.38922
301 264 0.39758
302 580 0.515
303 844 0.4605
304 629 0.36882
305 264 0.4067
306 573 0.15723
307 310 0.32661
308 375 0.50914
309 8 0.43491
310 926 0.37396
311 337 0.040917
312 659 0.25838
313 657 0.3437
314 170 0.31942
315 1196 0.34846
316 346 0.042906
317 103 0.46549
318 2 0.48314
319 180 0.28176
320 1109 0.46341
321 1238 0.3771
322 181 0.41331
323 180 0.42076
324 327 0.35654
325 1121 0.22389
326 354 0.049525
327 355 0.44938
328 358 0.080978
329 381 0.1977
330 352 0.26173
331 353 0.22414
332 947 0.44865
333 236 0.42979
334 683 0.52806
335 425 0.51149
336 1065 0.37603
337 366 0.050672
338 367 0.062831
339 941 0.38416
340 674 0.040446
341 379 0.045301
342 156 0.2969
343 145 0.38595
344 1233 0.43587
345 382 0.045421
346 1182 0.42108
347 638 0.54457
348 1071 0.42119
349 148 0.52092
350 450 0.55542
351 1048 0.33339
352 1013 0.49893
353 562 0.39321
354 892 0.52327
355 686 0.32146
356 551 0.56421
357 393 0.010919
358 1065 0.46665
359 795 0.41305
360 231 0.37347
361 135 0.38563
362 136 0.41978
363 1088 0.42453
364 108 0.44254
365 336 0.28704
366 134 0.39378
367 906 0.50621
368 1035 0.43348
369 334 0.42122
370 1216 0.50234
371 701 0.4582
372 718 0.24747
373 1141 0.40945
374 686 0.061783
375 447 0.39063
376 537 0.42458
377 1234 0.42165
378 657 0.33434
379 406 0.028598
380 408 0.010675
381 409 0.012048
382 1027 0.36678
383 1028 0.40736
384 86 0.43332
385 87 0.43725
386 274 0.49605
387 703 0.14446
388 274 0.42604
389 138 0.42477
390 733 0.40999
391 602 0.40235
392 933 0.43664
393 703 0.11565
394 697 0.32121
395 800 0.28179
396 703 0.13621
397 1167 0.41884
398 403 0.16002
399 298 0.27548
400 889 0.50746
401 739 0.42577
402 874 0.46222
403 519 0.43113
404 429 0.4282
405 258 0.38347
406 29 0.46691
407 103 0.54256
408 20 0.57709
409 620 0.51489
410 21 0.45724
411 510 0.38803
412 931 0.37659
413 697 0.3913
414 900 0.34441
415 864 0.38197
416 721 0.17528
417 361 0.49722
418 532 0.40399
419 854 0.3169
420 720 0.48075
421 974 0.39844
422 80 0.36588
423 460 0.43095
424 1074 0.21406
425 721 0.033541
426 1181 0.32679
427 889 0.50264
428 732 0.32933
429 210 0.40914
430 391 0.41925
431 502 0.36885
432 740 0.41029
433 771 0.33014
434 532 0.31794
435 948 0.25789
436 1080 0.41124
437 129 0.38258
438 310 0.35805
439 40 0.28514
440 1108 0.35736
441 491 0.022348
442 600 0.39887
443 190 0.37917
444 720 0.46919
445 546 0.37326
446 108 0.42041
447 47 0.44656
448 496 0.010114
449 272 0.36499
450 495 0.04026
451 1068 0.32147
452 175 0.42016
453 501 0.016269
454 732 0.33614
455 544 0.28241
456 545 0.36441
457 807 0.48672
458 491 0.38339
459 865 0.45158
460 848 0.39696
461 160 0.45678
462 506 0.066195
463 1049 0.25683
464 1023 0.36363
465 819 0.38361
466 110 0.36986
467 962 0.32571
468 968 0.32925
469 77 0.40089
470 508 0.014337
471 815 0.5603
472 52 0.53961
473 559 0.34057
474 499 0.27039
475 548 0.32773
476 1068 0.3839
477 731 0.37262
478 18 0.36634
479 522 0.012952
480 518 0.032345
481 519 0.026806
482 520 0.011082
483 525 0.027482
484 764 0.30275
485 784 0.39715
486 559 0.27831
487 1043 0.38168
488 778 0.35085
489 185 0.24414
490 420 0.32881
491 778 0.07528
492 771 0.33372
493 559 0.41955
494 854 0.23764
495 99 0.3978
496 258 0.48549
497 35 0.40602
498 694 0.42844
499 173 0.36951
500 457 0.35862
501 789 0.40166
502 537 0.018046
503 538 0.030153
504 1068 0.30454
505 543 0.0054734
506 544 0.026284
507 487 0.38711
508 551 0.28165
509 548 0.019964
510 553 0.028275
511 600 0.38343
512 1058 0.29848
513 625 0.32685
514 534 0.40489
515 31 0.41867
516 40 0.29733
517 537 0.31255
518 538 0.34435
519 1067 0.42436
520 812 0.47428
521 603 0.3579
522 185 0.070997
523 186 0.058295
524 784 0.34474
525 141 0.17822
526 1017 0.42395
527 570 0.024114
528 789 0.31158
529 944 0.34573
530 1029 0.25612
531 576 0.019441
532 577 0.0085159
533 867 0.24274
534 42 0.28991
535 578 0.0027335
536 579 0.010216
537 582 0.0083106
538 591 0.36665
539 149 0.44594
540 367 0.43394
541 124 0.50319
542 450 0.37422
543 426 0.32401
544 584 0.02105
545 580 0.40172
546 516 0.34827
547 378 0.31114
548 617 0.4201
549 39 0.44639
550 819 0.36418
551 297 0.30495
552 313 0.32658
553 153 0.3559
554 895 0.45484
555 134 0.4509
556 186 0.30168
557 590 0.011017
558 299 0.41011
559 42 0.43557
560 615 0.42013
561 1009 0.431
562 1117 0.28576
563 17 0.41167
564 241 0.090335
565 407 0.42315
566 234 0.40225
567 572 0.34986
568 183 0.45201
569 163 0.4949
570 604 0.015192
571 415 0.42344
572 358 0.40551
573 608 0.09282
574 409 0.47396
575 185 0.44387
576 1088 0.42623
577 771 0.50946
578 1056 0.31872
579 995 0.47034
580 898 0.53661
581 613 0.0067934
582 617 0.016129
583 476 0.50236
584 299 0.47137
585 617 0.4329
586 215 0.39595
587 419 0.44717
588 622 0.011254
589 558 0.32274
590 559 0.33677
591 652 0.40322
592 178 0.51564
593 1084 0.42402
594 626 0.013841
595 627 0.0086492
596 579 0.25704
597 633 0.34964
598 131 0.44716
599 633 0.0086532
600 146 0.45899
601 659 0.72478
602 665 0.69234
603 33 0.73135
604 857 0.024648
605 636 0.001711
606 637 0.00089011
607 637 0.11125
608 444 0.3689
609 639 0.0034796
610 33 0.46866
611 763 0.42488
612 869 0.34874
613 313 0.05254
614 642 0.0091421
615 686 0.23587
616 643 0.031991
617 947 0.41239
618 4 0.45909
619 1097 0.36645
620 111 0.37999
621 695 0.46193
622 534 0.37087
623 533 0.38887
624 141 0.36621
625 457 0.36177
626 895 0.41606
627 697 0.35055
628 1075 0.42686
629 997 0.40766
630 489 0.3956
631 653 0.033482
632 884 0.25609
633 524 0.42417
634 818 0.51388
635 148 0.47628
636 370 0.37104
637 659 0.0057177
638 660 0.027708
639 468 0.37393
640 741 0.44709
641 1096 0.54381
642 174 0.48106
643 629 0.47145
644 852 0.39032
645 669 0.059956
646 346 0.49093
647 61 0.38555
648 374 0.14736
649 275 0.42435
650 479 0.34147
651 458 0.47632
652 857 0.28474
653 607 0.4324
654 1090 0.49524
655 351 0.45653
656 1245 0.55302
657 601 0.39738
658 872 0.52565
659 943 0.35854
660 937 0.48062
661 781 0.40964
662 419 0.45319
663 721 0.087785
664 685 0.31526
665 906 0.3568
666 971 0.41759
667 1069 0.36995
668 750 0.5273
669 659 0.42421
670 655 0.41547
671 562 0.43899
672 915 0.3607
673 1167 0.40569
674 823 0.38812
675 697 0.092373
676 1223 0.41861
677 554 0.39232
678 944 0.30821
679 659 0.34658
680 598 0.4594
681 906 0.58921
682 98 0.71424
683 713 0.0022638
684 711 0.014674
685 853 0.30647
686 1050 0.091109
687 1051 0.1477
688 718 0.019497
689 730 0.47085
690 729 0.3417
691 369 0.41864
692 513 0.48853
693 29 0.36803
694 29 0.48399
695 775 0.453
696 930 0.4115
697 347 0.43225
698 241 0.44747
699 815 0.46161
700 709 0.52018
701 733 0.0087232
702 735 0.013761
703 996 0.43095
704 186 0.43966
705 60 0.50694
706 773 0.23361
707 772 0.29082
708 128 0.27075
709 701 0.32916
710 1157 0.44954
711 1209 0.45486
712 853 0.42842
713 241 0.50763
714 183 0.39622
715 755 0.027698
716 486 0.33777
717 274 0.36745
718 753 0.021663
719 764 0.0054835
720 765 0.009648
721 766 0.011543
722 260 0.39655
723 129 0.41748
724 141 0.30848
725 700 0.22478
726 103 0.36796
727 172 0.37164
728 518 0.35914
729 738 0.37783
730 749 0.39951
731 995 0.38866
732 749 0.33693
733 901 0.3561
734 101 0.3336
735 686 0.29223
736 1237 0.34155
737 11 0.31754
738 12 0.31933
739 512 0.27096
740 965 0.43541
741 274 0.35988
742 949 0.39444
743 198 0.37613
744 486 0.35413
745 659 0.28893
746 794 0.45625
747 794 0.016621
748 949 0.45148
749 162 0.4816
750 788 0.41338
751 1058 0.35799
752 763 0.33967
753 802 0.016013
754 944 0.42988
755 635 0.36866
756 806 0.01252
757 813 0.011379
758 186 0.44521
759 1225 0.38723
760 234 0.41066
761 448 0.40837
762 275 0.37642
763 697 0.38689
764 822 0.06331
765 616 0.34128
766 823 0.032052
767 672 0.45055
768 944 0.41672
769 174 0.31512
770 697 0.37089
771 598 0.37241
772 824 0.0036049
773 825 0.0076818
774 216 0.4681
775 659 0.46264
776 946 0.49015
777 550 0.58351
778 110 0.55747
779 828 0.082953
780 258 0.41623
781 830 0.039509
782 831 0.082124
783 832 0.030702
784 695 0.22243
785 119 0.39959
786 835 0.44123
787 831 0.4786
788 834 0.01539
789 835 0.012569
790 926 0.42514
791 840 0.0098874
792 642 0.49038
793 1017 0.45854
794 1228 0.3256
795 229 0.50371
796 1067 0.54683
797 855 0.0017588
798 639 0.3037
799 510 0.47761
800 587 0.45186
801 1238 0.37847
802 230 0.43563
803 230 0.38591
804 864 0.011269
805 865 0.0072163
806 229 0.46724
807 784 0.456
808 1010 0.32113
809 1011 0.26361
810 1134 0.42371
811 1133 0.43147
812 198 0.36963
813 376 0.39956
814 873 0.17892
815 1026 0.26923
816 877 0.019418
817 840 0.526
818 1244 0.48462
819 1160 0.47002
820 496 0.50692
821 394 0.35946
822 509 0.48624
823 880 0.046563
824 633 0.48724
825 377 0.45903
826 480 0.41048
827 1161 0.264
828 885 0.045171
829 965 0.49297
830 889 0.30044
831 686 0.21386
832 935 0.38673
833 1161 0.20352
834 496 0.48823
835 1080 0.42038
836 260 0.46527
837 895 0.0070659
838 1241 0.26485
839 903 0.010237
840 399 0.23985
841 552 0.40062
842 174 0.39818
843 468 0.38065
844 918 0.0023067
845 882 0.12259
846 919 0.0025602
847 1050 0.056884
848 1051 0.066224
849 1000 0.87336
850 913 0.7855
851 913 0.12701
852 258 0.43783
853 172 0.31005
854 544 0.41598
855 520 0.35703
856 17 0.54904
857 486 0.48185
858 559 0.49544
859 746 0.08818
860 933 0.029663
861 74 0.41182
862 941 0.022392
863 942 0.013465
864 94 0.33282
865 865 0.3303
866 116 0.31869
867 1017 0.37789
868 951 0.34266
869 1025 0.27396
870 186 0.29103
871 548 0.41718
872 954 0.41115
873 95 0.42658
874 952 0.0099986
875 700 0.23463
876 324 0.37215
877 552 0.41708
878 10 0.40378
879 457 0.42934
880 953 0.4732
881 702 0.31243
882 1186 0.30915
883 567 0.35987
884 414 0.26319
885 149 0.3126
886 141 0.46972
887 141 0.34147
888 173 0.29334
889 291 0.5336
890 292 0.46439
891 1019 0.26005
892 910 0.30597
893 42 0.25152
894 976 0.047048
895 1089 0.52277
896 773 0.43106
897 985 0.55829
898 426 0.46601
899 399 0.3683
900 867 0.30341
901 784 0.32245
902 979 0.013817
903 479 0.32486
904 1135 0.38438
905 989 0.0087497
906 990 0.0057116
907 352 0.39818
908 520 0.41719
909 992 0.008881
910 993 0.046941
911 1177 0.42546
912 381 0.27934
913 231 0.42142
914 1018 0.38552
915 996 0.012199
916 544 0.36524
917 185 0.34011
918 55 0.31197
919 800 0.35656
920 998 0.0015515
921 723 0.38359
922 642 0.48072
923 426 0.33452
924 1250 0.30192
925 1004 0.0056929
926 1005 0.013827
927 1145 0.13415
928 1146 0.10862
929 1004 0.3606
930 590 0.54708
931 17 0.41147
932 745 0.43929
933 1014 0.030209
934 1117 0.3647
935 965 0.36139
936 185 0.40212
937 496 0.43354
938 714 0.40711
939 92 0.49021
940 1016 0.0050794
941 1188 0.53962
942 58 0.26537
943 258 0.41756
944 310 0.38101
945 1188 0.49683
946 1049 0.26623
947 850 0.3513
948 729 0.36682
949 224 0.30919
950 760 0.47072
951 496 0.43227
952 1106 0.51486
953 742 0.42604
954 1029 0.19912
955 546 0.31844
956 324 0.31681
957 956 0.33599
958 1002 0.38499
959 533 0.41429
960 708 0.33347
961 116 0.35294
962 764 0.39092
963 1050 0.04015
964 1051 0.065222
965 1058 0.45685
966 174 0.34641
967 46 0.29445
968 1181 0.43547
969 128 0.28302
970 785 0.3831
971 1057 0.011422
972 195 0.49027
973 845 0.44858
974 824 0.47963
975 125 0.45799
976 283 0.35014
977 1200 0.42463
978 779 0.4878
979 864 0.31023
980 141 0.31345
981 1069 0.02222
982 1033 0.34982
983 977 0.060484
984 66 0.42526
985 457 0.3763
986 1105 0.44817
987 1048 0.57413
988 495 0.42935
989 1079 0.005975
990 479 0.34764
991 535 0.47616
992 717 0.39417
993 385 0.51654
994 739 0.39483
995 586 0.43631
996 1088 0.00087034
997 1089 0.011535
998 1148 0.51726
999 902 0.39761
1000 297 0.18203
1001 64 0.518
1002 957 0.33095
1003 962 0.38186
1004 520 0.4295
1005 1161 0.37001
1006 1095 0.022898
1007 1142 0.32441
1008 49 0.38468
1009 496 0.47639
1010 563 0.37081
1011 219 0.32933
1012 590 0.4115
1013 998 0.44618
1014 224 0.42525
1015 740 0.36712
1016 603 0.2508
1017 1161 0.4294
1018 271 0.46008
1019 1122 0.35933
1020 934 0.39052
1021 28 0.39284
1022 737 0.48742
1023 268 0.51777
1024 844 0.59636
1025 218 0.51339
1026 1191 0.46814
1027 76 0.42922
1028 766 0.34351
1029 190 0.46077
1030 950 0.40283
1031 229 0.52994
1032 1108 0.36782
1033 364 0.35336
1034 12 0.32877
1035 1075 0.43784
1036 998 0.4255
1037 1216 0.49135
1038 707 0.31812
1039 238 0.38615
1040 877 0.44583
1041 976 0.55942
1042 1140 0.091697
1043 1142 0.00087259
1044 1143 0.0038785
1045 1145 0.0012077
1046 1146 0.00092753
1047 883 0.35234
1048 738 0.48066
1049 520 0.45129
1050 1121 0.39205
1051 1114 0.42815
1052 1080 0.46662
1053 758 0.47181
1054 1150 0.0047325
1055 1152 0.055598
1056 1153 0.022943
1057 211 0.38747
1058 796 0.47284
1059 448 0.37164
1060 75 0.44101
1061 18 0.47002
1062 1193 0.39355
1063 1095 0.37224
1064 1160 0.013929
1065 1172 0.0030655
1066 1173 0.0023506
1067 830 0.53896
1068 533 0.3375
1069 788 0.37253
1070 1181 0.016119
1071 624 0.43777
1072 661 0.43343
1073 1186 0.0087711
1074 1185 0.02369
1075 1187 0.050391
1076 1188 0.0073391
1077 1215 0.30982
1078 635 0.43676
1079 61 0.34974
1080 1221 0.44293
1081 944 0.38346
1082 1194 0.017393
1083 1160 0.11867
1084 1161 0.043176
1085 1199 0.00087056
1086 127 0.43192
1087 877 0.4176
1088 211 0.37968
1089 1241 0.30559
1090 1201 0.012497
1091 411 0.43905
1092 931 0.35105
1093 865 0.37996
1094 1209 0.030971
1095 1210 0.085906
1096 517 0.331
1097 953 0.30676
1098 1211 0.022801
1099 1151 0.44144
1100 33 0.50623
1101 1138 0.30884
1102 196 0.16051
1103 736 0.4666
1104 15 0.45949
1105 1251 0.45236
1106 217 0.44199
1107 512 0.30216
1108 1217 0.037448
1109 939 0.40464
1110 728 0.28677
1111 1075 0.38067
1112 381 0.4715
1113 590 0.49916
1114 1136 0.42205
1115 1133 0.54878
1116 65 0.50986
1117 66 0.52754
1118 522 0.37938
1119 894 0.28084
1120 52 0.47973
1121 834 0.53446
1122 637 0.24688
1123 1145 0.40854
1124 390 0.34347
1125 1075 0.28236
1126 906 0.52526
1127 634 0.39056
1128 1251 0.51188
