1390
1 1344 0.56157
2 737 0.59266
3 1048 0.50616
4 103 0.41147
5 151 0.36251
6 23 0.41104
7 1453 0.32868
8 28 0.41812
9 1187 0.29442
10 963 0.37864
11 23 0.35785
12 722 0.35609
13 1583 0.40645
14 802 0.39782
15 1636 0.37962
16 1225 0.46517
17 503 0.45944
18 1016 0.44536
19 747 0.32484
20 710 0.40408
21 628 0.13063
22 21 0.06081
23 681 0.42459
24 70 0.41857
25 418 0.33428
26 231 0.35933
27 702 0.43584
28 1010 0.34669
29 1127 0.32434
30 82 0.36878
31 699 0.39891
32 836 0.40303
33 225 0.45917
34 1465 0.3584
35 1637 0.40146
36 737 0.38035
37 606 0.434
38 1547 0.30623
39 36 0.25561
40 41 0.086338
41 73 0.3857
42 716 0.41967
43 31 0.30124
44 60 0.43506
45 166 0.47038
46 717 0.3692
47 149 0.41458
48 902 0.39322
49 1297 0.36976
50 115 0.37103
51 939 0.38212
52 115 0.39566
53 450 0.37668
54 1631 0.404
55 1433 0.37614
56 813 0.35608
57 1432 0.3958
58 38 0.39519
59 662 0.33497
60 1441 0.44752
61 1486 0.42442
62 5 0.32099
63 80 0.35924
64 673 0.41274
65 1276 0.46245
66 1656 0.47208
67 1047 0.41621
68 711 0.40785
69 152 0.46821
70 710 0.39877
71 1060 0.31492
72 335 0.40485
73 1082 0.3938
74 1058 0.43656
75 194 0.41723
76 751 0.39327
77 1448 0.44042
78 1054 0.34442
79 758 0.42385
80 188 0.32316
81 418 0.40474
82 1636 0.35666
83 766 0.38627
84 850 0.34722
85 156 0.43468
86 155 0.41612
87 1522 0.42437
88 1672 0.41998
89 892 0.40434
90 560 0.40354
91 1574 0.34988
92 778 0.43337
93 1296 0.4164
94 724 0.53231
95 1448 0.47363
96 902 0.4563
97 1060 0.40165
98 701 0.39839
99 24 0.43765
100 275 0.37116
101 58 0.3798
102 102 0.43393
103 485 0.47224
104 680 0.41699
105 25 0.43656
106 29 0.3123
107 1007 0.37913
108 23 0.31083
109 335 0.34551
110 71 0.4362
111 406 0.42898
112 107 0.36289
113 733 0.26698
114 200 0.43417
115 77 0.17897
116 12 0.39086
117 581 0.31319
118 707 0.34917
119 1605 0.36201
120 456 0.39439
121 489 0.37336
122 140 0.41427
123 115 0.34367
124 1376 0.40673
125 104 0.34789
126 754 0.39656
127 1048 0.44433
128 686 0.34423
129 472 0.38819
130 107 0.41922
131 708 0.32503
132 902 0.31488
133 1022 0.40965
134 694 0.2223
135 317 0.41032
136 690 0.26734
137 1007 0.38953
138 506 0.46142
139 882 0.35309
140 482 0.36175
141 1426 0.46055
142 623 0.44239
143 1500 0.38429
144 1544 0.39411
145 103 0.35739
146 90 0.37314
147 501 0.40461
148 46 0.41488
149 1551 0.39475
150 874 0.3937
151 365 0.44586
152 103 0.078136
153 1593 0.45042
154 106 0.07069
155 226 0.39534
156 750 0.3897
157 99 0.4463
158 92 0.32598
159 688 0.35083
160 1660 0.31243
161 209 0.46153
162 58 0.47936
163 222 0.31049
164 1058 0.38603
165 87 0.40088
166 1467 0.3129
167 45 0.30501
168 710 0.3508
169 227 0.50095
170 1074 0.53976
171 921 0.52534
172 730 0.30112
173 1129 0.36566
174 154 0.37978
175 1314 0.37534
176 1521 0.28822
177 733 0.37001
178 656 0.50602
179 350 0.38234
180 163 0.35714
181 232 0.37055
182 1138 0.40065
183 1048 0.43106
184 778 0.35394
185 1484 0.38984
186 139 0.047393
187 327 0.44663
188 758 0.409
189 175 0.38988
190 81 0.40495
191 651 0.41229
192 1225 0.48833
193 700 0.37852
194 738 0.3724
195 718 0.43067
196 178 0.46043
197 9 0.31392
198 630 0.35236
199 151 0.076198
200 738 0.48681
201 1071 0.41473
202 1248 0.35777
203 1309 0.33496
204 662 0.43357
205 424 0.43806
206 212 0.40444
207 1286 0.30226
208 680 0.44924
209 296 0.29438
210 165 0.2965
211 175 0.40768
212 1130 0.32145
213 1442 0.39151
214 1550 0.45253
215 476 0.3996
216 170 0.33713
217 642 0.4058
218 1565 0.34866
219 184 0.32825
220 1123 0.31004
221 1252 0.44037
222 765 0.43249
223 151 0.38164
224 205 0.43798
225 188 0.33094
226 57 0.3167
227 222 0.34097
228 1094 0.23986
229 1562 0.38708
230 129 0.36199
231 11 0.52902
232 290 0.48791
233 79 0.39008
234 135 0.39952
235 412 0.40793
236 1434 0.44195
237 552 0.20517
238 799 0.42468
239 1168 0.42752
240 1338 0.39156
241 1059 0.38662
242 80 0.37809
243 137 0.29014
244 1529 0.37967
245 780 0.24453
246 282 0.29793
247 1277 0.29361
248 545 0.36366
249 1124 0.10686
250 118 0.35737
251 698 0.31179
252 687 0.30609
253 697 0.35346
254 1677 0.11698
255 786 0.40637
256 760 0.37831
257 137 0.34574
258 137 0.39211
259 1332 0.1011
260 244 0.44014
261 1442 0.37033
262 1120 0.3896
263 1132 0.43175
264 237 0.028164
265 11 0.47142
266 1104 0.41255
267 241 0.024264
268 660 0.53216
269 22 0.34094
270 518 0.38715
271 886 0.41591
272 176 0.35544
273 1116 0.42574
274 764 0.39057
275 1306 0.40744
276 1462 0.48215
277 253 0.55763
278 595 0.30583
279 1369 0.38935
280 251 0.04541
281 1290 0.33518
282 1156 0.40202
283 1157 0.37672
284 1354 0.44588
285 213 0.08824
286 1237 0.45748
287 228 0.35742
288 358 0.43745
289 1422 0.29845
290 171 0.30081
291 257 0.038604
292 1328 0.39193
293 261 0.10218
294 1426 0.29862
295 577 0.5037
296 383 0.34892
297 526 0.27391
298 624 0.34645
299 625 0.24979
300 586 0.46735
301 307 0.41077
302 1588 0.27098
303 389 0.55173
304 806 0.42406
305 1177 0.41722
306 264 0.098533
307 606 0.39975
308 607 0.34244
309 174 0.40636
310 484 0.512
311 1226 0.40243
312 328 0.45949
313 137 0.4264
314 1440 0.41948
315 1097 0.36801
316 559 0.46218
317 1135 0.56204
318 876 0.51664
319 1587 0.4498
320 1358 0.41515
321 270 0.10896
322 1265 0.52578
323 1062 0.47132
324 60 0.41179
325 1315 0.36222
326 1350 0.33682
327 1247 0.36644
328 229 0.46623
329 922 0.3233
330 692 0.36148
331 1170 0.41776
332 1618 0.32793
333 616 0.39694
334 1641 0.31584
335 282 0.024453
336 287 0.14865
337 1294 0.42913
338 284 0.013609
339 1593 0.37396
340 1578 0.41909
341 171 0.34058
342 41 0.4469
343 575 0.40864
344 648 0.39854
345 1378 0.46296
346 135 0.44066
347 634 0.51955
348 761 0.33926
349 370 0.44104
350 87 0.41814
351 1127 0.4264
352 1486 0.44113
353 893 0.28662
354 91 0.40987
355 991 0.34194
356 1606 0.35067
357 111 0.45934
358 1209 0.48637
359 1606 0.43944
360 1439 0.41826
361 1519 0.42847
362 313 0.53705
363 314 0.052838
364 315 0.039719
365 551 0.32116
366 709 0.41123
367 943 0.44831
368 726 0.45878
369 1306 0.44716
370 1201 0.27939
371 1103 0.38714
372 794 0.48187
373 935 0.43124
374 443 0.42484
375 1385 0.4035
376 1386 0.3977
377 1609 0.44069
378 679 0.38525
379 869 0.33058
380 1557 0.26244
381 546 0.301
382 713 0.34063
383 882 0.30272
384 1593 0.39898
385 1473 0.4523
386 1011 0.33495
387 760 0.37853
388 1341 0.47808
389 353 0.43273
390 282 0.3047
391 1396 0.39698
392 1170 0.42386
393 1662 0.53456
394 1611 0.35811
395 24 0.47199
396 1359 0.42206
397 361 0.19172
398 362 0.053724
399 510 0.4662
400 1082 0.37608
401 1662 0.36288
402 1185 0.36978
403 668 0.41182
404 927 0.40199
405 390 0.44498
406 1236 0.41866
407 844 0.35984
408 559 0.47796
409 1495 0.50662
410 844 0.31601
411 380 0.40086
412 657 0.41569
413 1102 0.37098
414 1079 0.4008
415 735 0.48947
416 799 0.39035
417 1152 0.34026
418 523 0.38802
419 581 0.36315
420 437 0.43847
421 1492 0.46248
422 857 0.46324
423 678 0.40545
424 679 0.39327
425 426 0.37862
426 853 0.4439
427 766 0.3585
428 1427 0.40244
429 724 0.56607
430 869 0.26323
431 868 0.35376
432 426 0.022262
433 223 0.42228
434 1243 0.21243
435 252 0.32094
436 253 0.44632
437 817 0.34863
438 176 0.31968
439 903 0.46232
440 438 0.017182
441 657 0.39978
442 1275 0.40453
443 231 0.42572
444 305 0.49797
445 1444 0.42614
446 465 0.57187
447 929 0.20538
448 947 0.31909
449 449 0.17746
450 135 0.36246
451 451 0.055259
452 433 0.4186
453 593 0.46965
454 484 0.43561
455 349 0.41657
456 812 0.31268
457 1426 0.35939
458 465 0.022213
459 466 0.019219
460 1203 0.42016
461 466 0.41739
462 723 0.32727
463 940 0.28583
464 25 0.37885
465 244 0.39587
466 493 0.43805
467 806 0.27031
468 73 0.49478
469 1242 0.43138
470 1652 0.43972
471 956 0.12832
472 1481 0.39099
473 1238 0.39912
474 60 0.44035
475 817 0.42786
476 141 0.4383
477 305 0.41976
478 826 0.32134
479 1027 0.459
480 1617 0.31161
481 484 0.45181
482 1035 0.43322
483 963 0.1743
484 562 0.38359
485 761 0.41999
486 1669 0.38616
487 698 0.36365
488 48 0.39487
489 1242 0.15994
490 204 0.38409
491 1444 0.40814
492 987 0.37542
493 497 0.2979
494 517 0.033499
495 151 0.38364
496 1560 0.27544
497 933 0.35924
498 1014 0.38098
499 526 0.32846
500 1647 0.13399
501 1410 0.17606
502 452 0.49316
503 1055 0.53236
504 990 0.14409
505 1314 0.44337
506 265 0.2021
507 545 0.045984
508 546 0.050723
509 1441 0.3721
510 1155 0.43001
511 383 0.37818
512 331 0.47945
513 53 0.36693
514 699 0.33554
515 1 0.3992
516 617 0.45909
517 1520 0.29238
518 581 0.36427
519 1264 0.23252
520 1150 0.43104
521 577 0.3868
522 1644 0.38386
523 199 0.28246
524 577 0.41282
525 1543 0.42561
526 1651 0.22071
527 1671 0.28105
528 1576 0.32828
529 562 0.39481
530 1150 0.36244
531 1264 0.32456
532 680 0.38613
533 1448 0.49251
534 790 0.41407
535 1047 0.52668
536 444 0.47927
537 80 0.43743
538 335 0.40753
539 609 0.36214
540 1441 0.39749
541 1210 0.50164
542 115 0.38696
543 43 0.43069
544 18 0.41283
545 1372 0.32397
546 824 0.42501
547 654 0.37561
548 1500 0.40678
549 1501 0.39315
550 742 0.33355
551 1112 0.36054
552 683 0.41328
553 1049 0.35796
554 644 0.018707
555 645 0.078074
556 45 0.41307
557 1131 0.38625
558 50 0.48285
559 115 0.44162
560 151 0.3374
561 658 0.47547
562 1511 0.51019
563 210 0.38952
564 82 0.37256
565 76 0.40776
566 776 0.411
567 1339 0.38858
568 140 0.2838
569 664 0.078433
570 1672 0.46533
571 1164 0.47605
572 1142 0.39485
573 1206 0.44654
574 1096 0.42366
575 677 0.082099
576 898 0.48301
577 237 0.37715
578 219 0.36426
579 163 0.3348
580 1515 0.32386
581 675 0.045516
582 1527 0.39577
583 12 0.3516
584 680 0.087105
585 921 0.44523
586 354 0.45294
587 335 0.32547
588 268 0.35692
589 195 0.33664
590 139 0.33396
591 1205 0.39608
592 698 0.13331
593 699 0.052849
594 163 0.40291
595 627 0.3936
596 151 0.36803
597 1205 0.32747
598 153 0.40877
599 697 0.37365
600 960 0.29948
601 502 0.31927
602 710 0.30491
603 699 0.36914
604 93 0.32654
605 613 0.38974
606 201 0.324
607 385 0.27814
608 225 0.38433
609 60 0.35738
610 1056 0.33313
611 513 0.33534
612 715 0.48737
613 770 0.38593
614 20 0.37228
615 174 0.39943
616 1111 0.42261
617 721 0.37251
618 212 0.43543
619 689 0.35766
620 694 0.28744
621 174 0.42595
622 678 0.47619
623 1486 0.42844
624 1276 0.53188
625 670 0.46321
626 1253 0.36346
627 1129 0.2777
628 1232 0.42724
629 1060 0.39642
630 707 0.28775
631 182 0.36279
632 210 0.47199
633 624 0.33299
634 1531 0.30522
635 103 0.37958
636 1643 0.43923
637 748 0.40268
638 228 0.40487
639 909 0.41944
640 74 0.40496
641 636 0.40404
642 247 0.32973
643 187 0.37723
644 641 0.27158
645 188 0.34149
646 726 0.35443
647 737 0.03823
648 230 0.39022
649 485 0.42316
650 563 0.47211
651 1318 0.38901
652 410 0.43757
653 682 0.45027
654 153 0.41569
655 581 0.36371
656 282 0.286
657 637 0.4403
658 730 0.41266
659 494 0.32484
660 1111 0.28079
661 672 0.3311
662 636 0.34689
663 1129 0.40137
664 447 0.46001
665 1103 0.33602
666 247 0.34665
667 13 0.37154
668 1037 0.4108
669 1319 0.34188
670 1500 0.42741
671 199 0.051878
672 765 0.4457
673 32 0.38409
674 1049 0.39311
675 1008 0.28925
676 990 0.16635
677 682 0.37868
678 1338 0.28804
679 1187 0.41671
680 1201 0.43952
681 772 0.1285
682 773 0.095419
683 372 0.41258
684 47 0.39543
685 1589 0.076742
686 1239 0.43665
687 274 0.36698
688 1620 0.39951
689 1303 0.3664
690 382 0.47287
691 703 0.45144
692 89 0.4463
693 541 0.37455
694 1675 0.48272
695 2 0.32668
696 225 0.39012
697 242 0.44401
698 269 0.4896
699 592 0.51183
700 375 0.55846
701 1184 0.34166
702 115 0.42721
703 930 0.34165
704 1138 0.12155
705 1501 0.43387
706 175 0.30245
707 184 0.41343
708 542 0.37917
709 1100 0.44438
710 899 0.38487
711 1649 0.35539
712 67 0.45775
713 1371 0.34568
714 1370 0.39422
715 1334 0.47805
716 794 0.0053735
717 80 0.48587
718 580 0.33774
719 695 0.49264
720 967 0.39369
721 1567 0.40746
722 242 0.57485
723 795 0.24118
724 709 0.35896
725 799 0.015693
726 1465 0.36308
727 473 0.40723
728 14 0.40135
729 380 0.40826
730 557 0.39242
731 599 0.41329
732 812 0.35601
733 223 0.39397
734 749 0.34124
735 647 0.45453
736 368 0.34865
737 1103 0.40551
738 900 0.37712
739 1094 0.45989
740 540 0.43842
741 1151 0.097448
742 736 0.42607
743 1136 0.37464
744 245 0.34415
745 741 0.42366
746 1482 0.3636
747 826 0.024507
748 827 0.095186
749 222 0.3593
750 353 0.3573
751 182 0.35487
752 602 0.33725
753 601 0.36732
754 878 0.32627
755 839 0.029164
756 60 0.4019
757 1275 0.45806
758 1583 0.472
759 957 0.28332
760 574 0.32198
761 1170 0.047804
762 249 0.28502
763 533 0.31495
764 628 0.40613
765 1152 0.40519
766 472 0.42517
767 859 0.09634
768 1125 0.46031
769 416 0.3737
770 1075 0.47299
771 867 0.040015
772 1482 0.50605
773 729 0.52557
774 1620 0.35238
775 176 0.3868
776 1127 0.37454
777 749 0.40196
778 584 0.43234
779 730 0.3454
780 1612 0.41398
781 873 0.50899
782 1445 0.36374
783 303 0.47562
784 1542 0.33162
785 353 0.4242
786 673 0.24694
787 506 0.41115
788 568 0.2623
789 253 0.32168
790 43 0.38412
791 1613 0.47218
792 699 0.34272
793 1544 0.4112
794 189 0.35102
795 1176 0.41456
796 1675 0.40206
797 262 0.41984
798 916 0.043971
799 14 0.35827
800 1237 0.53527
801 905 0.56095
802 1528 0.35971
803 1553 0.4917
804 924 0.070821
805 824 0.38032
806 935 0.12413
807 1440 0.41123
808 988 0.37773
809 1229 0.4006
810 731 0.43562
811 1120 0.30847
812 1378 0.39293
813 1603 0.27969
814 581 0.40399
815 722 0.43312
816 522 0.34769
817 898 0.39314
818 756 0.38073
819 1023 0.36618
820 532 0.40566
821 763 0.27197
822 1306 0.46187
823 605 0.37771
824 383 0.35526
825 393 0.39892
826 949 0.059096
827 695 0.48353
828 460 0.44092
829 596 0.20362
830 1439 0.38172
831 1677 0.23931
832 1587 0.31355
833 676 0.29997
834 223 0.32919
835 404 0.39259
836 1468 0.19487
837 1085 0.3761
838 1644 0.4505
839 785 0.64191
840 784 0.60273
841 784 0.18861
842 1504 0.20541
843 1384 0.36257
844 1242 0.056054
845 743 0.45798
846 1667 0.47445
847 763 0.19872
848 576 0.35138
849 1587 0.15973
850 608 0.34292
851 1661 0.36249
852 777 0.4529
853 1338 0.35803
854 1239 0.22742
855 608 0.22971
856 475 0.25593
857 933 0.3481
858 971 0.41995
859 630 0.34032
860 629 0.41168
861 348 0.40824
862 70 0.35703
863 18 0.38692
864 58 0.36944
865 626 0.14591
866 710 0.3039
867 1040 0.2878
868 149 0.4038
869 989 0.38061
870 1363 0.29764
871 1279 0.35913
872 27 0.38177
873 707 0.40466
874 451 0.41293
875 868 0.37439
876 1060 0.086273
877 667 0.28718
878 45 0.47077
879 1532 0.35322
880 543 0.40682
881 1054 0.4617
882 677 0.36793
883 380 0.34879
884 675 0.34828
885 35 0.36554
886 1297 0.24111
887 558 0.35456
888 1150 0.41289
889 778 0.28568
890 24 0.32611
891 12 0.35835
892 1228 0.44146
893 354 0.39673
894 1257 0.44764
895 1481 0.34932
896 1372 0.35513
897 229 0.40123
898 1177 0.36859
899 1497 0.39837
900 431 0.46832
901 100 0.40988
902 737 0.32364
903 1317 0.42996
904 1446 0.46104
905 123 0.41618
906 1576 0.39571
907 1092 0.085528
908 138 0.46262
909 1484 0.41685
910 1381 0.46028
911 1448 0.42751
912 103 0.42547
913 97 0.37582
914 1104 0.043748
915 99 0.29409
916 1452 0.47781
917 1105 0.041772
918 195 0.372
919 830 0.3602
920 1452 0.30779
921 242 0.32431
922 924 0.33208
923 1476 0.34154
924 663 0.38953
925 1618 0.30362
926 1622 0.37499
927 611 0.32922
928 1128 0.27363
929 482 0.42295
930 1036 0.40292
931 707 0.34406
932 1204 0.3544
933 138 0.44581
934 780 0.3673
935 1427 0.40402
936 579 0.40358
937 1135 0.033648
938 552 0.35975
939 999 0.46834
940 1169 0.43193
941 1136 0.0036231
942 148 0.39661
943 896 0.48845
944 1137 0.011665
945 1196 0.42006
946 1416 0.23797
947 1012 0.16551
948 532 0.34448
949 286 0.54691
950 1337 0.20518
951 1142 0.0054469
952 1143 0.0024797
953 599 0.38231
954 600 0.39494
955 88 0.36162
956 911 0.26086
957 1146 0.023712
958 1147 0.043701
959 1150 0.05179
960 1123 0.29105
961 356 0.22738
962 23 0.44911
963 106 0.38313
964 1155 0.043171
965 1136 0.33746
966 1162 0.41903
967 1107 0.42311
968 112 0.4675
969 1065 0.5715
970 672 0.42864
971 1176 0.41362
972 184 0.39569
973 1229 0.46723
974 932 0.34661
975 1441 0.46375
976 1174 0.5114
977 1544 0.4235
978 359 0.49859
979 501 0.31818
980 682 0.41146
981 478 0.41811
982 1174 0.032875
983 1173 0.15467
984 878 0.6047
985 687 0.36196
986 1299 0.38214
987 124 0.36721
988 276 0.47374
989 677 0.46719
990 58 0.44603
991 1314 0.41955
992 425 0.4894
993 902 0.5434
994 252 0.37169
995 526 0.41681
996 770 0.47457
997 536 0.44628
998 928 0.35586
999 1352 0.39073
1000 1366 0.41216
1001 63 0.34118
1002 1190 0.13272
1003 60 0.43967
1004 203 0.49616
1005 682 0.31972
1006 318 0.32161
1007 359 0.44916
1008 1021 0.31508
1009 1136 0.50471
1010 1327 0.48324
1011 482 0.19211
1012 1440 0.46264
1013 1076 0.44188
1014 1641 0.37798
1015 690 0.3609
1016 247 0.36228
1017 1346 0.37465
1018 1637 0.35744
1019 1062 0.41913
1020 1157 0.36935
1021 933 0.13732
1022 1238 0.32124
1023 963 0.42047
1024 1378 0.31897
1025 558 0.36109
1026 686 0.37814
1027 940 0.086137
1028 1321 0.27874
1029 677 0.31437
1030 996 0.15264
1031 1210 0.0854
1032 375 0.44194
1033 87 0.44253
1034 1589 0.12496
1035 393 0.33713
1036 291 0.35219
1037 490 0.34886
1038 1219 0.026041
1039 1220 0.021241
1040 552 0.19299
1041 1321 0.21559
1042 459 0.43867
1043 80 0.46977
1044 1243 0.28484
1045 1232 0.091081
1046 1233 0.072221
1047 254 0.22933
1048 1589 0.0874
1049 1669 0.36113
1050 368 0.4498
1051 175 0.2686
1052 1118 0.14979
1053 996 0.10847
1054 1003 0.22099
1055 769 0.17794
1056 1246 0.16171
1057 996 0.14366
1058 1038 0.17752
1059 996 0.10111
1060 779 0.18941
1061 982 0.17972
1062 1020 0.25362
1063 769 0.20718
1064 1123 0.1815
1065 637 0.36937
1066 1567 0.44872
1067 921 0.43238
1068 747 0.38228
1069 1273 0.27229
1070 1079 0.45316
1071 437 0.31391
1072 700 0.33446
1073 743 0.406
1074 970 0.34719
1075 593 0.40199
1076 339 0.37126
1077 438 0.50985
1078 1493 0.50906
1079 696 0.47002
1080 24 0.53724
1081 733 0.30375
1082 754 0.42255
1083 677 0.3857
1084 92 0.36696
1085 425 0.39277
1086 35 0.4035
1087 76 0.43037
1088 1292 0.37524
1089 222 0.27705
1090 510 0.28377
1091 322 0.37679
1092 911 0.39531
1093 484 0.33787
1094 1146 0.48204
1095 1634 0.38719
1096 129 0.35319
1097 8 0.40439
1098 1168 0.29283
1099 227 0.43892
1100 1032 0.41408
1101 184 0.36901
1102 1140 0.41997
1103 747 0.45415
1104 1305 0.022964
1105 505 0.40934
1106 215 0.38312
1107 1619 0.40549
1108 973 0.47585
1109 712 0.31393
1110 1429 0.40317
1111 675 0.46625
1112 1655 0.40854
1113 178 0.37925
1114 1323 0.043871
1115 712 0.32706
1116 707 0.42511
1117 1332 0.00075391
1118 1677 0.41283
1119 1094 0.39239
1120 681 0.40964
1121 879 0.43369
1122 1282 0.36908
1123 40 0.43975
1124 1556 0.43023
1125 1335 0.0092978
1126 543 0.43805
1127 497 0.36281
1128 1248 0.38728
1129 534 0.47918
1130 812 0.46441
1131 1068 0.35904
1132 733 0.4064
1133 1433 0.37489
1134 1188 0.47548
1135 1349 0.021494
1136 899 0.37616
1137 950 0.53233
1138 1027 0.47544
1139 1350 0.023855
1140 1354 0.021968
1141 175 0.24621
1142 1655 0.34821
1143 1660 0.33233
1144 191 0.47841
1145 385 0.30808
1146 284 0.46527
1147 637 0.38602
1148 141 0.5037
1149 928 0.41787
1150 786 0.48048
1151 406 0.47018
1152 256 0.23411
1153 1098 0.34243
1154 1033 0.45721
1155 51 0.38216
1156 1017 0.36095
1157 293 0.40932
1158 739 0.41585
1159 507 0.42248
1160 749 0.35386
1161 1267 0.25328
1162 932 0.3259
1163 200 0.3304
1164 894 0.48596
1165 545 0.31531
1166 253 0.64273
1167 1579 0.55742
1168 248 0.43054
1169 1037 0.35299
1170 263 0.087196
1171 893 0.38978
1172 1243 0.12419
1173 1661 0.38818
1174 996 0.040536
1175 994 0.24256
1176 1420 0.29018
1177 779 0.09221
1178 1329 0.078736
1179 1246 0.17414
1180 844 0.35048
1181 1417 0.12516
1182 466 0.48563
1183 640 0.3444
1184 1114 0.51116
1185 645 0.31416
1186 699 0.27842
1187 1519 0.11185
1188 1264 0.33213
1189 1298 0.30058
1190 371 0.34014
1191 1488 0.3179
1192 1488 0.30537
1193 1439 0.23642
1194 1440 0.049466
1195 1163 0.41145
1196 238 0.45941
1197 1480 0.29372
1198 1481 0.29709
1199 1132 0.36215
1200 1133 0.36547
1201 56 0.4035
1202 1310 0.32065
1203 92 0.47115
1204 239 0.39589
1205 758 0.33802
1206 1248 0.29144
1207 730 0.38761
1208 1527 0.23974
1209 637 0.42871
1210 1448 0.0295
1211 728 0.35363
1212 729 0.3633
1213 1332 0.040371
1214 793 0.18432
1215 877 0.5332
1216 286 0.51147
1217 1205 0.4609
1218 1544 0.40396
1219 1456 0.013164
1220 364 0.44869
1221 597 0.54497
1222 858 0.53973
1223 1541 0.042665
1224 705 0.37506
1225 330 0.3858
1226 62 0.39132
1227 61 0.46279
1228 1112 0.32507
1229 733 0.33714
1230 1476 0.012271
1231 1662 0.24469
1232 212 0.31926
1233 1375 0.52244
1234 626 0.38083
1235 520 0.44096
1236 1621 0.46174
1237 1677 0.41619
1238 19 0.46342
1239 1287 0.42523
1240 1489 0.25148
1241 191 0.44551
1242 1136 0.42727
1243 119 0.48339
1244 1390 0.1306
1245 336 0.57487
1246 45 0.46584
1247 242 0.34791
1248 1495 0.11833
1249 1505 0.2571
1250 1647 0.25362
1251 1410 0.19263
1252 1506 0.16715
1253 1589 0.058728
1254 1512 0.013296
1255 715 0.4294
1256 679 0.37886
1257 1006 0.45934
1258 1187 0.2289
1259 605 0.36368
1260 21 0.45385
1261 725 0.46993
1262 184 0.45601
1263 1193 0.3362
1264 772 0.33521
1265 773 0.32478
1266 176 0.32913
1267 1094 0.41609
1268 1530 0.025294
1269 1189 0.24898
1270 1262 0.38698
1271 384 0.34678
1272 282 0.42916
1273 761 0.3234
1274 1469 0.33258
1275 1534 0.0040875
1276 1621 0.49574
1277 860 0.51769
1278 615 0.49882
1279 559 0.34048
1280 1035 0.42861
1281 210 0.37699
1282 364 0.41918
1283 1358 0.37028
1284 948 0.31476
1285 115 0.38344
1286 1297 0.35754
1287 671 0.48236
1288 81 0.52239
1289 1508 0.37965
1290 1546 0.016125
1291 1549 0.039431
1292 1555 0.016305
1293 1125 0.40448
1294 121 0.43014
1295 1557 0.038177
1296 149 0.43444
1297 1150 0.36047
1298 1014 0.32723
1299 1603 0.050779
1300 825 0.42155
1301 996 0.14712
1302 1504 0.068119
1303 763 0.19388
1304 1575 0.024408
1305 1575 0.015815
1306 1512 0.0212
1307 1473 0.351
1308 740 0.55214
1309 1358 0.40987
1310 102 0.43254
1311 222 0.32119
1312 1285 0.38652
1313 737 0.41834
1314 545 0.47111
1315 1584 0.06653
1316 91 0.3105
1317 699 0.34052
1318 1224 0.44812
1319 1548 0.41179
1320 1569 0.26198
1321 552 0.28189
1322 996 0.13098
1323 489 0.40095
1324 1591 0.02169
1325 1406 0.44648
1326 177 0.39511
1327 847 0.45266
1328 1406 0.57155
1329 1054 0.45065
1330 584 0.40106
1331 1543 0.07984
1332 1652 0.40665
1333 406 0.53058
1334 514 0.45789
1335 1597 0.020764
1336 451 0.38216
1337 1125 0.24541
1338 595 0.39415
1339 300 0.48386
1340 792 0.58966
1341 665 0.35971
1342 1572 0.015025
1343 377 0.31566
1344 1617 0.0531
1345 1619 0.053225
1346 510 0.33392
1347 1620 0.3407
1348 1063 0.45945
1349 1625 0.021892
1350 402 0.30737
1351 403 0.28789
1352 1569 0.15697
1353 987 0.36491
1354 707 0.35645
1355 1642 0.32049
1356 764 0.29276
1357 1346 0.28272
1358 931 0.39016
1359 1649 0.032422
1360 387 0.44307
1361 1631 0.073931
1362 940 0.24506
1363 532 0.30112
1364 1184 0.30505
1365 732 0.43285
1366 701 0.45945
1367 1124 0.30359
1368 1588 0.36329
1369 1647 0.12908
1370 362 0.43471
1371 766 0.53489
1372 1656 0.013722
1373 1114 0.53288
1374 518 0.46681
1375 1572 0.023986
1376 1575 0.026647
1377 1661 0.11078
1378 457 0.42383
1379 1663 0.10943
1380 1547 0.50195
1381 22 0.50678
1382 826 0.36383
1383 328 0.3918
1384 983 0.23836
1385 221 0.344
1386 402 0.41295
1387 403 0.44479
1388 557 0.35089
1389 1668 0.348
1390 1485 0.49156
