1500
1 495 0.5102
2 1272 0.52519
3 570 0.5324
4 1153 0.43124
5 52 0.39628
6 538 0.42551
7 30 0.31979
8 602 0.3879
9 546 0.38403
10 51 0.36157
11 416 0.4308
12 12 0.083838
13 237 0.29051
14 642 0.34899
15 132 0.28982
16 260 0.35337
17 502 0.42282
18 175 0.41253
19 132 0.30951
20 859 0.46208
21 109 0.40236
22 913 0.42585
23 29 0.028406
24 39 0.34631
25 279 0.39229
26 820 0.42317
27 615 0.39133
28 29 0.39145
29 565 0.35476
30 65 0.40947
31 168 0.34789
32 11 0.30992
33 595 0.30216
34 544 0.33995
35 832 0.43778
36 143 0.35264
37 961 0.33986
38 962 0.38879
39 586 0.44359
40 91 0.33611
41 848 0.33439
42 260 0.34232
43 1269 0.34604
44 716 0.38005
45 64 0.027817
46 1222 0.45132
47 262 0.45622
48 266 0.38232
49 1062 0.39353
50 1154 0.36295
51 1153 0.3738
52 1022 0.4413
53 505 0.4513
54 848 0.41775
55 1227 0.34675
56 24 0.33321
57 552 0.40887
58 896 0.47539
59 1022 0.40552
60 832 0.44536
61 921 0.44353
62 248 0.47609
63 913 0.47249
64 1153 0.29759
65 212 0.30213
66 1000 0.26424
67 90 0.095939
68 389 0.49289
69 152 0.40213
70 883 0.37937
71 848 0.32142
72 168 0.35191
73 239 0.51246
74 1161 0.43046
75 537 0.076214
76 1000 0.37273
77 173 0.35032
78 826 0.36207
79 1016 0.39045
80 95 0.40928
81 56 0.33993
82 1163 0.40334
83 308 0.43166
84 801 0.35647
85 173 0.38016
86 110 0.32064
87 1146 0.32567
88 135 0.4789
89 1186 0.48828
90 1151 0.39818
91 1007 0.39614
92 160 0.31599
93 1006 0.38705
94 850 0.39907
95 418 0.39897
96 24 0.34739
97 366 0.25698
98 848 0.32473
99 40 0.37452
100 627 0.35912
101 555 0.45412
102 502 0.33573
103 123 0.45819
104 581 0.37654
105 560 0.42322
106 70 0.41532
107 1228 0.45584
108 1026 0.28766
109 691 0.46619
110 136 0.017417
111 1226 0.3842
112 97 0.41973
113 97 0.35882
114 237 0.35402
115 1025 0.48444
116 613 0.39761
117 862 0.36591
118 534 0.3929
119 109 0.38209
120 577 0.33702
121 1195 0.38181
122 510 0.42378
123 145 0.027034
124 52 0.37894
125 59 0.44324
126 579 0.39897
127 578 0.41085
128 604 0.42038
129 860 0.27725
130 1339 0.39685
131 1221 0.37924
132 1146 0.38222
133 1339 0.46807
134 500 0.49983
135 632 0.42368
136 226 0.2501
137 538 0.42476
138 185 0.39671
139 184 0.35111
140 237 0.44197
141 505 0.32887
142 605 0.27175
143 222 0.33175
144 146 0.33024
145 1203 0.41466
146 604 0.35262
147 534 0.48406
148 378 0.49404
149 108 0.40128
150 1255 0.41288
151 166 0.36994
152 177 0.30601
153 135 0.30915
154 63 0.32106
155 340 0.34486
156 541 0.40549
157 928 0.41306
158 632 0.3625
159 309 0.34889
160 193 0.044172
161 637 0.45175
162 111 0.38173
163 172 0.42067
164 190 0.28512
165 1298 0.31061
166 1028 0.37576
167 207 0.3552
168 582 0.46669
169 1324 0.40187
170 496 0.33419
171 741 0.38602
172 1234 0.38256
173 217 0.05712
174 1144 0.47444
175 562 0.3544
176 554 0.42316
177 65 0.39906
178 370 0.3559
179 181 0.47175
180 226 0.047374
181 240 0.34496
182 224 0.31493
183 401 0.31167
184 858 0.34689
185 190 0.44539
186 156 0.37962
187 826 0.45346
188 695 0.35481
189 885 0.36182
190 231 0.50756
191 196 0.47383
192 617 0.38108
193 104 0.37326
194 1036 0.38578
195 626 0.13689
196 605 0.30524
197 219 0.33005
198 239 0.095521
199 860 0.21834
200 240 0.34658
201 61 0.41385
202 778 0.30851
203 670 0.29726
204 1204 0.40086
205 233 0.26852
206 615 0.31006
207 1042 0.25936
208 985 0.14747
209 1242 0.35018
210 881 0.32556
211 1316 0.47809
212 1243 0.42353
213 1031 0.42144
214 1030 0.41397
215 493 0.44726
216 742 0.31792
217 83 0.42868
218 483 0.19504
219 158 0.46131
220 50 0.49052
221 1280 0.26973
222 255 0.02794
223 1012 0.45782
224 1278 0.32833
225 591 0.40789
226 256 0.011243
227 642 0.3906
228 611 0.54686
229 816 0.51059
230 152 0.45682
231 715 0.28988
232 1274 0.38897
233 641 0.3386
234 28 0.43181
235 180 0.40848
236 265 0.01986
237 453 0.3202
238 266 0.060038
239 1067 0.46665
240 800 0.46249
241 241 0.46667
242 211 0.45555
243 1332 0.3952
244 1343 0.4005
245 562 0.3767
246 272 0.044802
247 881 0.54186
248 302 0.52544
249 1343 0.27741
250 1073 0.43222
251 660 0.48305
252 1336 0.22877
253 851 0.38447
254 244 0.43289
255 1182 0.4866
256 892 0.50611
257 810 0.49776
258 790 0.38418
259 154 0.45554
260 47 0.4003
261 558 0.37184
262 569 0.37909
263 30 0.3588
264 962 0.4234
265 308 0.0067508
266 675 0.32119
267 1138 0.42498
268 887 0.3859
269 888 0.36034
270 587 0.42935
271 546 0.42545
272 1064 0.39853
273 670 0.29257
274 515 0.36938
275 503 0.39743
276 1071 0.51983
277 1151 0.34221
278 322 0.38602
279 88 0.47168
280 743 0.40886
281 319 0.028692
282 43 0.40749
283 1109 0.40905
284 398 0.19739
285 699 0.42623
286 754 0.36149
287 1203 0.36089
288 324 0.074732
289 60 0.55128
290 324 0.43038
291 413 0.4188
292 1346 0.2582
293 278 0.51127
294 532 0.50791
295 331 0.011561
296 695 0.052413
297 763 0.27235
298 818 0.439
299 636 0.3034
300 1184 0.34543
301 390 0.3507
302 1086 0.47379
303 997 0.56006
304 648 0.40036
305 188 0.3994
306 18 0.45984
307 339 0.0067098
308 860 0.42038
309 1198 0.45142
310 537 0.52063
311 343 0.010948
312 212 0.34923
313 125 0.42533
314 695 0.34039
315 314 0.44905
316 863 0.474
317 32 0.44235
318 43 0.47407
319 633 0.42393
320 566 0.41
321 1049 0.41955
322 799 0.38161
323 561 0.36437
324 800 0.30203
325 743 0.3762
326 12 0.3907
327 697 0.53985
328 1134 0.39172
329 681 0.49224
330 102 0.49201
331 331 0.29564
332 365 0.061284
333 85 0.51321
334 391 0.33655
335 799 0.4456
336 368 0.0063464
337 371 0.0058492
338 1319 0.2678
339 650 0.49753
340 1133 0.45044
341 300 0.4427
342 569 0.43728
343 346 0.44681
344 401 0.10397
345 470 0.52117
346 1272 0.43708
347 1198 0.42355
348 376 0.0075959
349 382 0.020692
350 1260 0.35682
351 1325 0.42358
352 1139 0.39852
353 409 0.26571
354 387 0.017642
355 403 0.33301
356 385 0.19399
357 390 0.023133
358 49 0.41506
359 743 0.03568
360 546 0.46307
361 391 0.0053245
362 392 0.009872
363 397 0.0071321
364 395 0.015432
365 396 0.010893
366 398 0.038408
367 742 0.23905
368 755 0.32948
369 401 0.031507
370 402 0.015127
371 665 0.34464
372 1008 0.41114
373 1282 0.42311
374 387 0.282
375 403 0.040039
376 374 0.35999
377 161 0.41028
378 1093 0.42247
379 503 0.38161
380 376 0.39762
381 1052 0.38612
382 1071 0.40668
383 265 0.40441
384 745 0.14475
385 746 0.28233
386 745 0.29876
387 561 0.41812
388 1181 0.35926
389 451 0.40692
390 499 0.40618
391 234 0.37204
392 162 0.48743
393 832 0.38983
394 289 0.43181
395 1016 0.30033
396 412 0.041885
397 924 0.34637
398 632 0.26578
399 572 0.44594
400 124 0.34887
401 286 0.30616
402 1020 0.49636
403 416 0.026636
404 417 0.039805
405 529 0.37961
406 753 0.36025
407 613 0.4046
408 447 0.29297
409 429 0.11286
410 430 0.10326
411 1134 0.43182
412 1252 0.26171
413 429 0.29141
414 419 0.43393
415 964 0.21665
416 805 0.52355
417 362 0.46266
418 85 0.46512
419 964 0.22785
420 959 0.27425
421 1153 0.38545
422 554 0.43014
423 555 0.43308
424 48 0.56697
425 858 0.47851
426 1099 0.39723
427 439 0.16765
428 1168 0.26469
429 606 0.38021
430 1005 0.41069
431 923 0.33014
432 787 0.38205
433 1260 0.4697
434 1167 0.38212
435 648 0.33853
436 675 0.37864
437 358 0.46731
438 1236 0.51233
439 166 0.47574
440 831 0.44755
441 130 0.44793
442 1295 0.55236
443 1074 0.43797
444 780 0.32942
445 168 0.43371
446 1065 0.4114
447 143 0.47716
448 329 0.46724
449 493 0.44468
450 868 0.48924
451 1220 0.49561
452 212 0.49996
453 1223 0.47423
454 1076 0.41193
455 492 0.41794
456 534 0.38361
457 898 0.33399
458 1312 0.3912
459 1313 0.47674
460 490 0.47092
461 492 0.39233
462 482 0.31789
463 829 0.45094
464 988 0.20809
465 490 0.30549
466 740 0.42855
467 780 0.46756
468 780 0.38163
469 490 0.28327
470 491 0.46123
471 492 0.25176
472 780 0.29557
473 491 0.3166
474 990 0.29812
475 140 0.36088
476 783 0.29542
477 783 0.25069
478 777 0.34684
479 509 0.51655
480 782 0.32577
481 979 0.3316
482 988 0.22471
483 1061 0.4789
484 491 0.41861
485 781 0.35101
486 782 0.35945
487 782 0.40564
488 1298 0.29074
489 327 0.43643
490 492 0.34906
491 674 0.45176
492 780 0.44501
493 286 0.42083
494 780 0.43049
495 894 0.38405
496 492 0.30129
497 780 0.35931
498 781 0.33849
499 900 0.27954
500 615 0.47145
501 845 0.45314
502 749 0.42337
503 391 0.45628
504 392 0.41248
505 513 0.44374
506 47 0.29075
507 332 0.47537
508 596 0.41667
509 108 0.48689
510 1269 0.43894
511 1226 0.30642
512 632 0.39611
513 267 0.36649
514 503 0.072255
515 130 0.37011
516 144 0.31437
517 98 0.41691
518 631 0.45052
519 504 0.019531
520 997 0.46249
521 551 0.31472
522 118 0.47996
523 812 0.33782
524 813 0.34112
525 600 0.29633
526 223 0.32198
527 592 0.41692
528 519 0.49537
529 559 0.40545
530 930 0.41417
531 510 0.019725
532 31 0.38249
533 511 0.10825
534 1053 0.36088
535 859 0.42099
536 56 0.33989
537 24 0.30406
538 6 0.27624
539 6 0.37152
540 132 0.38454
541 828 0.37213
542 685 0.34809
543 512 0.059012
544 1227 0.44757
545 541 0.42633
546 542 0.40906
547 113 0.30684
548 23 0.36762
549 822 0.36223
550 566 0.40231
551 1139 0.41615
552 586 0.38202
553 809 0.44483
554 478 0.40366
555 15 0.42952
556 1137 0.36284
557 851 0.4014
558 155 0.37839
559 528 0.055805
560 317 0.48506
561 239 0.39759
562 1146 0.44339
563 184 0.35143
564 1085 0.39445
565 539 0.014726
566 540 0.073581
567 1145 0.38073
568 1182 0.37826
569 543 0.051368
570 167 0.39772
571 552 0.041647
572 1134 0.4093
573 695 0.2223
574 589 0.30334
575 184 0.34208
576 614 0.44974
577 551 0.014244
578 607 0.41088
579 555 0.048802
580 797 0.43379
581 40 0.37276
582 556 0.062834
583 155 0.42607
584 1261 0.50535
585 1292 0.40648
586 86 0.40213
587 829 0.41055
588 74 0.39242
589 1236 0.35384
590 566 0.022343
591 1145 0.32811
592 848 0.3159
593 1236 0.42687
594 1276 0.41684
595 699 0.3989
596 750 0.31478
597 231 0.39091
598 578 0.069162
599 579 0.047573
600 596 0.45983
601 860 0.27096
602 861 0.30916
603 343 0.48706
604 846 0.23561
605 847 0.23351
606 1182 0.42127
607 533 0.38617
608 153 0.33419
609 200 0.45357
610 1279 0.30737
611 837 0.34637
612 686 0.33261
613 343 0.32807
614 225 0.39357
615 1022 0.39388
616 602 0.14833
617 996 0.46564
618 828 0.44682
619 11 0.28011
620 600 0.038434
621 24 0.36359
622 233 0.37294
623 227 0.33564
624 606 0.37001
625 223 0.29592
626 1281 0.33708
627 614 0.33345
628 288 0.40923
629 1268 0.3503
630 1098 0.35781
631 670 0.35365
632 605 0.3885
633 1236 0.39769
634 231 0.43417
635 612 0.31082
636 612 0.14096
637 1234 0.35283
638 240 0.37456
639 221 0.40497
640 600 0.34223
641 258 0.37645
642 52 0.36942
643 590 0.31929
644 858 0.16327
645 408 0.40166
646 1141 0.499
647 433 0.48183
648 626 0.40298
649 190 0.38011
650 881 0.40688
651 240 0.30152
652 240 0.43688
653 1222 0.42506
654 1236 0.31766
655 578 0.55191
656 631 0.51549
657 707 0.43908
658 655 0.22664
659 56 0.37981
660 641 0.3207
661 250 0.19734
662 989 0.22146
663 134 0.39483
664 250 0.10255
665 43 0.43839
666 162 0.45662
667 670 0.24459
668 285 0.44564
669 676 0.5417
670 1026 0.42873
671 642 0.012728
672 675 0.43332
673 1008 0.51805
674 676 0.3452
675 52 0.51415
676 451 0.43033
677 124 0.26618
678 643 0.012714
679 1138 0.40225
680 91 0.37685
681 1254 0.47446
682 383 0.30746
683 1177 0.31561
684 881 0.46304
685 883 0.52344
686 659 0.0076617
687 887 0.061899
688 888 0.054135
689 436 0.29584
690 856 0.29123
691 928 0.44806
692 515 0.42631
693 715 0.42199
694 271 0.41096
695 666 0.46634
696 634 0.45383
697 845 0.40926
698 1080 0.45058
699 892 0.45127
700 478 0.44295
701 98 0.38216
702 676 0.012383
703 563 0.45866
704 26 0.48232
705 125 0.42321
706 677 0.026424
707 678 0.077197
708 1060 0.31725
709 887 0.26128
710 888 0.24742
711 682 0.0084281
712 681 0.011734
713 1232 0.41396
714 810 0.37171
715 258 0.34881
716 687 0.0060267
717 500 0.4452
718 923 0.56281
719 688 0.0071342
720 319 0.47516
721 161 0.47263
722 975 0.3509
723 622 0.42574
724 135 0.40107
725 697 0.015687
726 696 0.0069544
727 390 0.37765
728 703 0.025191
729 373 0.3876
730 815 0.45521
731 532 0.42439
732 803 0.47769
733 1008 0.33618
734 732 0.32822
735 393 0.41644
736 1012 0.45922
737 813 0.4337
738 1156 0.25397
739 863 0.37903
740 104 0.27343
741 103 0.28591
742 649 0.32116
743 989 0.32297
744 537 0.43847
745 812 0.4564
746 1074 0.46459
747 1001 0.33442
748 1220 0.44875
749 912 0.43132
750 763 0.48741
751 713 0.30808
752 966 0.4456
753 1032 0.34076
754 734 0.0051656
755 735 0.004318
756 681 0.3181
757 274 0.29269
758 393 0.22192
759 390 0.38027
760 1044 0.33861
761 1280 0.45029
762 1139 0.36825
763 209 0.33068
764 741 0.02285
765 742 0.021861
766 806 0.47076
767 395 0.41945
768 72 0.4264
769 497 0.55075
770 816 0.57828
771 583 0.42824
772 254 0.33593
773 733 0.35829
774 745 0.13778
775 746 0.19503
776 283 0.42757
777 716 0.3996
778 142 0.3658
779 220 0.44282
780 1222 0.40378
781 185 0.40648
782 144 0.39002
783 802 0.43332
784 420 0.24032
785 420 0.27688
786 752 0.016528
787 286 0.44928
788 170 0.39533
789 215 0.4758
790 753 0.052038
791 754 0.089783
792 115 0.52456
793 675 0.47183
794 955 0.18775
795 956 0.22426
796 398 0.23005
797 430 0.32686
798 676 0.37697
799 302 0.44886
800 1134 0.40038
801 1234 0.39955
802 383 0.14702
803 759 0.0029191
804 45 0.42039
805 1330 0.41453
806 1235 0.48519
807 441 0.23685
808 43 0.3858
809 1245 0.53452
810 654 0.47534
811 446 0.070757
812 712 0.41275
813 449 0.44807
814 274 0.34196
815 790 0.44873
816 791 0.30788
817 70 0.35997
818 1192 0.37938
819 1016 0.38913
820 1017 0.40758
821 453 0.44404
822 552 0.4961
823 647 0.40142
824 491 0.46837
825 1046 0.43976
826 667 0.46452
827 364 0.50533
828 900 0.39469
829 370 0.47196
830 775 0.28088
831 691 0.46832
832 1319 0.2509
833 1320 0.26075
834 1315 0.50321
835 780 0.2563
836 1160 0.34022
837 1312 0.46268
838 153 0.52064
839 1310 0.45059
840 1130 0.23603
841 276 0.79269
842 591 0.38116
843 491 0.37194
844 1165 0.39854
845 347 0.34152
846 469 0.47502
847 1131 0.32695
848 1332 0.32753
849 770 0.2356
850 979 0.38157
851 782 0.27088
852 1346 0.29939
853 1130 0.099892
854 992 0.16842
855 782 0.22369
856 780 0.14884
857 780 0.2454
858 770 0.26782
859 1346 0.28831
860 1022 0.42162
861 224 0.43227
862 98 0.38589
863 97 0.34243
864 1255 0.39907
865 374 0.50173
866 1134 0.43416
867 790 0.026826
868 791 0.038162
869 799 0.014966
870 129 0.38606
871 366 0.40433
872 737 0.41307
873 1149 0.41109
874 201 0.52168
875 876 0.48123
876 794 0.031525
877 795 0.056609
878 808 0.09993
879 29 0.38826
880 220 0.45599
881 541 0.3592
882 542 0.42349
883 940 0.4227
884 691 0.33913
885 226 0.29651
886 123 0.37878
887 519 0.24442
888 544 0.38023
889 1135 0.40317
890 127 0.33501
891 821 0.026772
892 50 0.3135
893 510 0.27847
894 589 0.39687
895 818 0.039138
896 819 0.011296
897 823 0.019975
898 210 0.37259
899 1027 0.38492
900 1028 0.35923
901 42 0.41792
902 791 0.38163
903 790 0.40501
904 40 0.3311
905 212 0.35401
906 723 0.44486
907 578 0.44534
908 210 0.31888
909 211 0.30788
910 169 0.42326
911 177 0.4209
912 135 0.42957
913 286 0.34621
914 501 0.40204
915 1000 0.33066
916 1220 0.36472
917 999 0.35004
918 835 0.023551
919 221 0.3786
920 1225 0.30084
921 254 0.4077
922 738 0.37734
923 1332 0.3216
924 598 0.40276
925 1339 0.3692
926 1338 0.35103
927 210 0.33945
928 880 0.33266
929 623 0.38392
930 1007 0.39603
931 845 0.029155
932 848 0.020953
933 258 0.29522
934 863 0.33895
935 132 0.29021
936 109 0.3508
937 715 0.41262
938 1150 0.46358
939 762 0.39721
940 1279 0.33176
941 144 0.42245
942 868 0.21863
943 249 0.4138
944 1022 0.41641
945 39 0.24207
946 857 0.054173
947 112 0.45694
948 1228 0.32445
949 861 0.029749
950 617 0.37645
951 1236 0.32914
952 418 0.32058
953 977 0.45296
954 1276 0.35747
955 899 0.38238
956 1309 0.35104
957 1151 0.38077
958 1177 0.4151
959 109 0.37396
960 873 0.014485
961 874 0.0086159
962 790 0.39356
963 875 0.0035729
964 1341 0.43265
965 1204 0.37211
966 876 0.11781
967 878 0.038117
968 579 0.45505
969 1158 0.47555
970 810 0.4346
971 881 0.013192
972 188 0.37541
973 1103 0.42129
974 1346 0.28684
975 895 0.093616
976 896 0.077619
977 897 0.099588
978 19 0.42335
979 1020 0.41196
980 502 0.42442
981 1045 0.45779
982 1066 0.41415
983 480 0.41304
984 667 0.40027
985 680 0.051319
986 480 0.35765
987 1168 0.16383
988 142 0.39359
989 904 0.01688
990 905 0.014721
991 908 0.0078388
992 214 0.41784
993 741 0.34618
994 395 0.64668
995 325 0.58213
996 912 0.0063796
997 750 0.38502
998 913 0.011423
999 785 0.41736
1000 917 0.023398
1001 405 0.49206
1002 922 0.004782
1003 924 0.018628
1004 626 0.37581
1005 160 0.45583
1006 30 0.32855
1007 43 0.47385
1008 932 0.011541
1009 1228 0.40801
1010 826 0.40948
1011 1224 0.44271
1012 302 0.42555
1013 259 0.39906
1014 552 0.41221
1015 1273 0.47077
1016 265 0.29211
1017 315 0.26218
1018 32 0.43518
1019 848 0.34822
1020 689 0.45224
1021 942 0.011625
1022 854 0.34469
1023 941 0.055803
1024 784 0.51627
1025 602 0.34326
1026 945 0.0049452
1027 946 0.4149
1028 1059 0.46848
1029 1221 0.39021
1030 359 0.5024
1031 686 0.50474
1032 1160 0.44998
1033 190 0.3875
1034 538 0.35897
1035 586 0.43058
1036 942 0.51877
1037 1313 0.52279
1038 1090 0.043395
1039 1091 0.031426
1040 1092 0.094973
1041 1096 0.35048
1042 964 0.15942
1043 1095 0.12129
1044 959 0.0037195
1045 1114 0.076641
1046 964 0.087465
1047 965 0.14834
1048 1114 0.16322
1049 1100 0.19722
1050 1101 0.10991
1051 1114 0.13625
1052 1120 0.43578
1053 859 0.48136
1054 964 0.0092916
1055 965 0.013506
1056 132 0.40503
1057 422 0.37441
1058 1113 0.24659
1059 1114 0.066774
1060 436 0.19108
1061 700 0.42601
1062 974 0.018682
1063 763 0.37676
1064 501 0.48711
1065 912 0.42771
1066 578 0.34325
1067 458 0.23375
1068 489 0.36747
1069 591 0.41861
1070 1221 0.43131
1071 848 0.48928
1072 858 0.37631
1073 899 0.49515
1074 156 0.4129
1075 373 0.42658
1076 286 0.41647
1077 491 0.25019
1078 314 0.48344
1079 782 0.28577
1080 593 0.44079
1081 490 0.37591
1082 781 0.3278
1083 780 0.40902
1084 780 0.38159
1085 780 0.21021
1086 1132 0.13036
1087 990 0.09342
1088 992 0.1231
1089 1215 0.14006
1090 780 0.16499
1091 989 0.19252
1092 29 0.43275
1093 994 0.21673
1094 514 0.40517
1095 302 0.48017
1096 95 0.33624
1097 791 0.40589
1098 1020 0.34816
1099 523 0.39508
1100 1004 0.065419
1101 707 0.36405
1102 1134 0.058196
1103 748 0.51977
1104 225 0.4167
1105 526 0.38931
1106 47 0.39899
1107 534 0.41096
1108 143 0.38203
1109 86 0.36157
1110 1006 0.021428
1111 1007 0.0291
1112 502 0.40129
1113 1018 0.44205
1114 38 0.41196
1115 59 0.53727
1116 1308 0.48876
1117 1012 0.081958
1118 240 0.35191
1119 319 0.4355
1120 912 0.35662
1121 641 0.48054
1122 1144 0.47131
1123 1158 0.46978
1124 157 0.46768
1125 824 0.45056
1126 95 0.46148
1127 1024 0.014468
1128 968 0.47472
1129 846 0.35929
1130 636 0.31476
1131 109 0.27492
1132 632 0.38106
1133 869 0.33984
1134 1302 0.23534
1135 332 0.35283
1136 315 0.33896
1137 429 0.5197
1138 296 0.37858
1139 972 0.50364
1140 265 0.4119
1141 1136 0.30171
1142 83 0.42818
1143 1275 0.47206
1144 517 0.44992
1145 1045 0.01322
1146 1293 0.37147
1147 1012 0.4537
1148 479 0.45071
1149 559 0.40293
1150 318 0.44081
1151 1050 0.0075584
1152 1015 0.35447
1153 1013 0.40908
1154 852 0.30807
1155 734 0.37065
1156 369 0.50149
1157 636 0.52109
1158 1204 0.38578
1159 382 0.40357
1160 1336 0.3404
1161 1054 0.010139
1162 1080 0.36498
1163 1316 0.39698
1164 1058 0.020259
1165 1053 0.39957
1166 59 0.49966
1167 448 0.52662
1168 577 0.36557
1169 382 0.34391
1170 519 0.45537
1171 634 0.411
1172 688 0.53208
1173 1341 0.33643
1174 800 0.44775
1175 326 0.45229
1176 1252 0.25978
1177 399 0.45629
1178 733 0.39293
1179 1069 0.016674
1180 1072 0.0062144
1181 1076 0.083254
1182 350 0.55396
1183 641 0.39439
1184 676 0.42835
1185 812 0.52487
1186 559 0.37959
1187 646 0.41482
1188 418 0.47605
1189 1081 0.032407
1190 1082 0.041467
1191 748 0.37789
1192 627 0.38426
1193 1196 0.19055
1194 896 0.48063
1195 1316 0.35366
1196 905 0.5129
1197 955 0.050145
1198 956 0.070642
1199 1096 0.015617
1200 1102 0.10937
1201 1099 0.076294
1202 1097 0.0061966
1203 1098 0.010585
1204 1093 0.24626
1205 1102 0.017865
1206 1098 0.16013
1207 959 0.18613
1208 1097 0.093872
1209 1098 0.073975
1210 1093 0.044641
1211 1095 0.15022
1212 959 0.17236
1213 1112 0.049202
1214 965 0.17161
1215 1112 0.1153
1216 965 0.087735
1217 959 0.27268
1218 1111 0.12678
1219 965 0.081012
1220 959 0.27137
1221 1114 0.027481
1222 1108 0.015944
1223 1111 0.019922
1224 965 0.15091
1225 1331 0.46153
1226 89 0.48672
1227 1112 0.13759
1228 965 0.10408
1229 1095 0.26941
1230 1115 0.051091
1231 761 0.38816
1232 1112 0.069898
1233 965 0.082695
1234 959 0.26572
1235 1095 0.2991
1236 1113 0.010103
1237 1112 0.022306
1238 1114 0.02002
1239 1145 0.39148
1240 1114 0.054501
1241 1101 0.16813
1242 1114 0.11055
1243 416 0.49247
1244 1119 0.12534
1245 256 0.3548
1246 1119 0.16471
1247 688 0.52083
1248 1118 0.081248
1249 1121 0.071702
1250 1122 0.032983
1251 84 0.49534
1252 657 0.43349
1253 544 0.43531
1254 973 0.18969
1255 974 0.032279
1256 1118 0.0604
1257 1123 0.049055
1258 1124 0.048671
1259 1089 0.45354
1260 200 0.44706
1261 1214 0.073559
1262 848 0.51376
1263 1261 0.36563
1264 1140 0.017759
1265 1141 0.051888
1266 1142 0.084236
1267 193 0.31385
1268 592 0.34911
1269 1148 0.03068
1270 629 0.41304
1271 89 0.41065
1272 582 0.30049
1273 1161 0.058848
1274 157 0.43769
1275 831 0.3346
1276 863 0.32022
1277 698 0.32876
1278 1204 0.27897
1279 370 0.35938
1280 216 0.40564
1281 799 0.3681
1282 1181 0.46498
1283 1046 0.21019
1284 1168 0.014608
1285 587 0.47953
1286 833 0.43978
1287 1041 0.18764
1288 258 0.30336
1289 835 0.47354
1290 1171 0.022176
1291 274 0.21381
1292 394 0.5003
1293 418 0.48869
1294 152 0.4531
1295 72 0.54145
1296 111 0.5257
1297 1172 0.0048537
1298 1173 0.0063133
1299 274 0.44031
1300 874 0.43146
1301 586 0.35123
1302 153 0.36544
1303 864 0.39677
1304 712 0.40958
1305 612 0.38581
1306 1177 0.003887
1307 713 0.5194
1308 595 0.506
1309 1177 0.45787
1310 308 0.34807
1311 193 0.42077
1312 1165 0.45573
1313 634 0.44067
1314 510 0.41103
1315 117 0.3978
1316 1139 0.41783
1317 182 0.44257
1318 1084 0.40102
1319 848 0.40764
1320 32 0.37402
1321 165 0.50079
1322 1065 0.46119
1323 1188 0.010201
1324 1316 0.43058
1325 1071 0.44061
1326 529 0.42204
1327 1001 0.44005
1328 1194 0.0079905
1329 1194 0.049036
1330 1195 0.013432
1331 1196 0.015653
1332 93 0.43777
1333 1199 0.025919
1334 1200 0.095465
1335 1196 0.13065
1336 1087 0.12916
1337 1196 0.22153
1338 1196 0.11821
1339 1194 0.080044
1340 1196 0.10119
1341 1194 0.10356
1342 792 0.49797
1343 491 0.37912
1344 1115 0.19751
1345 175 0.42649
1346 363 0.43804
1347 5 0.43782
1348 633 0.41662
1349 1332 0.34709
1350 441 0.52303
1351 775 0.4233
1352 1346 0.28748
1353 1337 0.42989
1354 1219 0.047894
1355 1215 0.011149
1356 1211 0.026824
1357 1219 0.023408
1358 1221 0.052245
1359 191 0.39386
1360 1222 0.020395
1361 1184 0.42638
1362 774 0.38588
1363 1226 0.016179
1364 1225 0.017036
1365 1228 0.019778
1366 1224 0.034896
1367 878 0.37365
1368 799 0.41771
1369 423 0.46829
1370 1232 0.31791
1371 1235 0.029529
1372 889 0.41752
1373 1109 0.46019
1374 1064 0.45879
1375 98 0.40011
1376 922 0.37845
1377 683 0.43311
1378 1285 0.33476
1379 1285 0.364
1380 1238 0.011439
1381 234 0.44709
1382 90 0.39886
1383 161 0.47727
1384 285 0.35916
1385 418 0.5075
1386 887 0.24704
1387 1242 0.028293
1388 726 0.36707
1389 1012 0.40093
1390 1250 0.0055743
1391 949 0.51523
1392 773 0.37766
1393 156 0.49839
1394 1066 0.46678
1395 1285 0.44754
1396 774 0.44519
1397 1151 0.32655
1398 507 0.52302
1399 569 0.49828
1400 1251 0.01484
1401 1253 0.0043902
1402 1252 0.0063449
1403 1254 0.035464
1404 494 0.36436
1405 1256 0.056474
1406 1258 0.033057
1407 971 0.46285
1408 1237 0.36156
1409 675 0.43673
1410 739 0.37534
1411 829 0.4357
1412 673 0.43336
1413 717 0.42741
1414 344 0.37004
1415 1263 0.019126
1416 1322 0.018218
1417 1035 0.33704
1418 153 0.39627
1419 1025 0.40835
1420 465 0.3836
1421 1233 0.31912
1422 226 0.31781
1423 1214 0.1725
1424 1032 0.38509
1425 60 0.52487
1426 1067 0.3351
1427 449 0.47848
1428 332 0.44358
1429 1289 0.028022
1430 1290 0.019768
1431 1291 0.032049
1432 1319 0.26965
1433 451 0.42713
1434 1314 0.085491
1435 502 0.31803
1436 1287 0.39058
1437 1294 0.0044689
1438 326 0.44956
1439 447 0.32869
1440 1298 0.0077174
1441 1318 0.10634
1442 103 0.43356
1443 348 0.42451
1444 349 0.34393
1445 261 0.19851
1446 745 0.37004
1447 1322 0.027879
1448 1216 0.076597
1449 69 0.42829
1450 230 0.39139
1451 231 0.40607
1452 706 0.40938
1453 612 0.32714
1454 986 0.26782
1455 713 0.30227
1456 1309 0.077066
1457 636 0.52281
1458 550 0.37374
1459 1317 0.029752
1460 381 0.39195
1461 274 0.42624
1462 1321 0.0040136
1463 1034 0.33585
1464 434 0.41014
1465 782 0.30231
1466 763 0.42896
1467 63 0.46287
1468 1328 0.014458
1469 76 0.47418
1470 88 0.45189
1471 1208 0.38201
1472 1333 0.068712
1473 1336 0.1105
1474 778 0.44598
1475 1151 0.37413
1476 671 0.42309
1477 109 0.33078
1478 1016 0.32446
1479 1208 0.42949
1480 1216 0.34267
1481 1216 0.092693
1482 780 0.22582
1483 1336 0.18508
1484 665 0.41775
1485 440 0.27501
1486 1322 0.018948
1487 658 0.3674
1488 398 0.291
1489 1346 0.0053186
1490 1284 0.58023
1491 471 0.28394
1492 1325 0.22822
1493 1130 0.14333
1494 992 0.27326
1495 989 0.29473
1496 659 0.26401
1497 646 0.26685
1498 1129 0.18754
1499 1070 0.37911
1500 1214 0.16614
