1030
1 106 0.40452
2 510 0.40083
3 153 0.38847
4 207 0.45316
5 131 0.49469
6 710 0.4263
7 885 0.34642
8 24 0.45191
9 320 0.38551
10 842 0.43525
11 1052 0.43646
12 50 0.40546
13 651 0.50341
14 443 0.46679
15 529 0.35731
16 969 0.35318
17 636 0.45494
18 533 0.3369
19 819 0.49113
20 28 0.45733
21 497 0.3898
22 499 0.29996
23 958 0.4149
24 351 0.36657
25 646 0.44874
26 1060 0.3295
27 467 0.33409
28 434 0.33116
29 902 0.45768
30 1073 0.24038
31 149 0.43533
32 990 0.43425
33 53 0.489
34 106 0.40301
35 98 0.28254
36 430 0.40751
37 33 0.087029
38 560 0.46243
39 626 0.36629
40 71 0.37562
41 711 0.4557
42 708 0.4567
43 1034 0.44177
44 81 0.35415
45 991 0.36826
46 190 0.30502
47 959 0.4734
48 229 0.28512
49 516 0.36645
50 732 0.26385
51 732 0.32386
52 834 0.35411
53 746 0.47924
54 52 0.091901
55 725 0.28768
56 380 0.30159
57 64 0.3893
58 25 0.40052
59 38 0.45923
60 237 0.40208
61 813 0.37665
62 862 0.34144
63 863 0.41233
64 1001 0.42294
65 477 0.29107
66 1001 0.48675
67 72 0.033798
68 243 0.33911
69 877 0.41359
70 483 0.25399
71 435 0.33289
72 77 0.054656
73 863 0.41445
74 725 0.35083
75 443 0.41164
76 86 0.019841
77 87 0.014033
78 19 0.38942
79 433 0.4201
80 482 0.31013
81 115 0.41237
82 88 0.35443
83 701 0.43059
84 218 0.37334
85 126 0.35517
86 729 0.37653
87 704 0.39395
88 705 0.47189
89 485 0.49729
90 524 0.50407
91 93 0.13277
92 506 0.3833
93 497 0.41187
94 11 0.49908
95 208 0.45757
96 622 0.48451
97 719 0.43999
98 674 0.34356
99 567 0.35931
100 475 0.4493
101 433 0.41596
102 969 0.36359
103 736 0.25803
104 692 0.40765
105 436 0.42912
106 573 0.45102
107 115 0.047755
108 72 0.36433
109 147 0.27504
110 123 0.054061
111 152 0.44126
112 437 0.44299
113 24 0.44913
114 842 0.4105
115 433 0.42584
116 1001 0.41367
117 875 0.45043
118 1034 0.38137
119 502 0.46869
120 876 0.39077
121 976 0.35685
122 779 0.43122
123 76 0.48931
124 745 0.38969
125 875 0.37773
126 522 0.35967
127 111 0.30042
128 69 0.53569
129 165 0.42339
130 149 0.43452
131 653 0.37949
132 505 0.33237
133 506 0.32196
134 157 0.47276
135 49 0.33637
136 475 0.36514
137 75 0.40885
138 1011 0.36802
139 846 0.30228
140 785 0.40493
141 171 0.038434
142 172 0.029961
143 218 0.45923
144 813 0.50413
145 115 0.41624
146 174 0.22425
147 625 0.21553
148 160 0.33713
149 182 0.2763
150 176 0.2411
151 261 0.4373
152 688 0.29808
153 1029 0.44425
154 534 0.16992
155 227 0.39585
156 763 0.50713
157 324 0.42325
158 900 0.39811
159 329 0.36212
160 24 0.39641
161 268 0.51634
162 20 0.47861
163 143 0.37615
164 504 0.40063
165 996 0.27269
166 88 0.3835
167 1109 0.53965
168 148 0.43857
169 120 0.449
170 219 0.36363
171 1009 0.40487
172 838 0.36086
173 241 0.43597
174 191 0.50116
175 673 0.4307
176 715 0.51189
177 996 0.45303
178 216 0.25739
179 233 0.34572
180 798 0.3644
181 234 0.39002
182 623 0.41813
183 876 0.35547
184 109 0.40621
185 1045 0.38084
186 867 0.36607
187 1125 0.42485
188 990 0.3934
189 21 0.4092
190 707 0.36157
191 227 0.088762
192 698 0.41828
193 341 0.31367
194 1073 0.37395
195 1111 0.3335
196 166 0.41401
197 242 0.4189
198 234 0.4907
199 853 0.44117
200 654 0.37673
201 456 0.36804
202 437 0.45793
203 1089 0.34926
204 981 0.45404
205 933 0.53411
206 95 0.39537
207 96 0.4162
208 798 0.49524
209 566 0.36971
210 542 0.59385
211 448 0.43637
212 342 0.34212
213 449 0.4035
214 256 0.23943
215 37 0.47411
216 527 0.32625
217 399 0.42364
218 960 0.40092
219 14 0.38963
220 802 0.48838
221 265 0.15115
222 937 0.53395
223 956 0.482
224 46 0.41186
225 294 0.31308
226 971 0.43588
227 129 0.59291
228 834 0.40901
229 181 0.38427
230 577 0.52274
231 919 0.35268
232 141 0.46726
233 641 0.39593
234 22 0.48123
235 486 0.40662
236 68 0.49406
237 488 0.4737
238 915 0.52241
239 1119 0.54717
240 841 0.33977
241 285 0.36804
242 638 0.394
243 801 0.28851
244 802 0.34191
245 69 0.41362
246 1007 0.22411
247 1007 0.1444
248 1112 0.41048
249 231 0.23863
250 305 0.30905
251 1007 0.21513
252 423 0.3357
253 478 0.49083
254 737 0.56884
255 378 0.38049
256 450 0.48567
257 333 0.45302
258 312 0.19397
259 648 0.4812
260 154 0.46739
261 630 0.23855
262 278 0.37816
263 414 0.4931
264 815 0.34979
265 1062 0.42004
266 547 0.43529
267 325 0.16394
268 1014 0.4462
269 1080 0.43247
270 297 0.48741
271 919 0.41257
272 675 0.49988
273 416 0.34876
274 1124 0.22753
275 674 0.46603
276 1102 0.28437
277 333 0.439
278 201 0.51877
279 530 0.22517
280 202 0.44415
281 628 0.51376
282 340 0.31058
283 53 0.46176
284 353 0.063316
285 782 0.48505
286 519 0.49935
287 277 0.37123
288 101 0.39806
289 1017 0.30971
290 315 0.39493
291 524 0.36614
292 489 0.31877
293 80 0.3419
294 297 0.52517
295 887 0.48981
296 1089 0.31748
297 948 0.37225
298 380 0.40542
299 369 0.12288
300 1014 0.46228
301 373 0.019475
302 149 0.5437
303 19 0.34363
304 1043 0.41328
305 240 0.38682
306 419 0.45747
307 422 0.52188
308 514 0.47788
309 129 0.38244
310 131 0.40658
311 665 0.080763
312 321 0.39527
313 802 0.35847
314 359 0.46991
315 25 0.53945
316 504 0.40789
317 303 0.5139
318 637 0.16699
319 1089 0.50967
320 689 0.34007
321 690 0.34131
322 405 0.34473
323 403 0.10847
324 480 0.42161
325 689 0.31348
326 690 0.38657
327 997 0.53995
328 443 0.37544
329 416 0.068163
330 416 0.10251
331 300 0.51785
332 689 0.31399
333 690 0.35652
334 689 0.21722
335 690 0.24353
336 896 0.35118
337 689 0.29024
338 690 0.19473
339 651 0.48323
340 222 0.42765
341 474 0.42921
342 711 0.43597
343 117 0.46258
344 430 0.29873
345 46 0.4149
346 440 0.47003
347 240 0.42441
348 151 0.37439
349 484 0.37091
350 441 0.36525
351 855 0.38155
352 475 0.47439
353 434 0.020693
354 435 0.033021
355 884 0.32155
356 885 0.37453
357 450 0.37551
358 445 0.045172
359 1040 0.41371
360 216 0.45049
361 1047 0.46955
362 43 0.28859
363 44 0.27595
364 447 0.18843
365 943 0.40146
366 708 0.32173
367 482 0.33463
368 865 0.30367
369 888 0.34621
370 433 0.46026
371 325 0.36598
372 477 0.31738
373 115 0.40643
374 291 0.43677
375 475 0.41667
376 737 0.35237
377 456 0.032464
378 25 0.47873
379 893 0.28097
380 463 0.019852
381 464 0.034579
382 519 0.4899
383 467 0.01941
384 750 0.37209
385 474 0.41586
386 702 0.43704
387 805 0.39075
388 229 0.40794
389 1098 0.35885
390 854 0.4958
391 476 0.059159
392 674 0.38709
393 474 0.11798
394 254 0.31636
395 313 0.41374
396 732 0.36959
397 486 0.28616
398 338 0.38358
399 456 0.35503
400 951 0.37141
401 487 0.048331
402 151 0.30432
403 146 0.32381
404 101 0.38492
405 137 0.30681
406 969 0.39122
407 547 0.35396
408 708 0.34546
409 250 0.25009
410 899 0.37797
411 891 0.46478
412 11 0.39901
413 745 0.35873
414 343 0.45125
415 702 0.39341
416 118 0.11007
417 119 0.11028
418 500 0.033698
419 724 0.28467
420 114 0.32908
421 1047 0.35536
422 113 0.30077
423 942 0.33205
424 547 0.3954
425 547 0.38224
426 712 0.46463
427 94 0.48007
428 743 0.24416
429 484 0.23649
430 511 0.15933
431 80 0.43503
432 877 0.31082
433 719 0.31276
434 484 0.33828
435 53 0.40687
436 325 0.37322
437 218 0.31991
438 279 0.43709
439 316 0.37915
440 316 0.29629
441 398 0.3723
442 218 0.44643
443 671 0.54073
444 166 0.51119
445 1102 0.22787
446 74 0.45384
447 253 0.34741
448 784 0.28848
449 771 0.25894
450 1111 0.30761
451 969 0.35538
452 90 0.52146
453 391 0.41303
454 234 0.4626
455 1099 0.44611
456 153 0.35679
457 1078 0.46234
458 724 0.31387
459 768 0.17498
460 561 0.080803
461 186 0.488
462 149 0.38174
463 757 0.50212
464 971 0.45045
465 835 0.41433
466 224 0.30832
467 680 0.44147
468 894 0.40662
469 694 0.34136
470 239 0.4152
471 19 0.40513
472 235 0.17883
473 864 0.47635
474 145 0.42035
475 802 0.50018
476 1042 0.43344
477 234 0.44593
478 260 0.34711
479 507 0.46462
480 587 0.028485
481 81 0.40984
482 1007 0.22177
483 1007 0.239
484 72 0.38549
485 381 0.37688
486 106 0.48514
487 903 0.38594
488 869 0.41702
489 719 0.34163
490 702 0.37126
491 722 0.40529
492 448 0.39312
493 295 0.49161
494 597 0.03381
495 1051 0.34039
496 219 0.31125
497 559 0.45013
498 300 0.52549
499 78 0.3937
500 41 0.32944
501 1007 0.21603
502 946 0.40666
503 786 0.40801
504 787 0.3938
505 1123 0.41229
506 1007 0.3734
507 67 0.26524
508 505 0.40363
509 365 0.28986
510 784 0.37297
511 900 0.34659
512 525 0.30408
513 416 0.32407
514 226 0.46363
515 617 0.051815
516 838 0.52842
517 674 0.35574
518 1123 0.29553
519 456 0.36784
520 674 0.45
521 1007 0.15159
522 995 0.46952
523 1001 0.42548
524 1034 0.43631
525 341 0.4259
526 1063 0.456
527 401 0.34557
528 557 0.51168
529 733 0.40943
530 969 0.49262
531 1074 0.4986
532 877 0.37254
533 865 0.41411
534 674 0.33646
535 956 0.38572
536 690 0.4785
537 650 0.01653
538 947 0.35912
539 699 0.4119
540 63 0.493
541 487 0.41541
542 1007 0.2504
543 363 0.25959
544 352 0.47166
545 834 0.52148
546 673 0.52543
547 925 0.31335
548 639 0.57878
549 321 0.50986
550 1062 0.40366
551 758 0.48245
552 1077 0.38404
553 266 0.36157
554 170 0.28219
555 847 0.065284
556 848 0.061365
557 847 0.058247
558 848 0.049125
559 681 0.034095
560 703 0.69571
561 425 0.09514
562 658 0.69426
563 398 0.30768
564 416 0.15637
565 259 0.26203
566 338 0.28841
567 696 0.11123
568 435 0.28778
569 208 0.37464
570 163 0.29785
571 1002 0.37767
572 991 0.39727
573 242 0.29385
574 151 0.35027
575 228 0.37218
576 579 0.34959
577 16 0.35203
578 709 0.011753
579 1028 0.47505
580 132 0.28331
581 124 0.36247
582 434 0.32003
583 483 0.31454
584 319 0.37208
585 996 0.38409
586 1059 0.39507
587 622 0.49776
588 466 0.35351
589 325 0.38706
590 891 0.43651
591 622 0.46555
592 855 0.38691
593 76 0.43413
594 251 0.38589
595 298 0.4235
596 588 0.40082
597 722 0.063486
598 87 0.31083
599 9 0.43259
600 459 0.36601
601 67 0.31735
602 1096 0.39686
603 954 0.37846
604 885 0.37334
605 731 0.031223
606 958 0.33732
607 451 0.27239
608 677 0.38065
609 67 0.37561
610 507 0.41015
611 483 0.37074
612 467 0.41377
613 740 0.048357
614 737 0.025695
615 188 0.40855
616 316 0.22947
617 891 0.32305
618 1001 0.41236
619 506 0.4491
620 444 0.44517
621 1068 0.35811
622 128 0.34244
623 525 0.28936
624 805 0.26783
625 804 0.35039
626 745 0.022802
627 516 0.35167
628 868 0.39542
629 412 0.40578
630 976 0.38756
631 339 0.33527
632 639 0.36011
633 54 0.40674
634 272 0.41673
635 107 0.37071
636 719 0.32324
637 87 0.37712
638 338 0.31491
639 783 0.40301
640 253 0.26185
641 1122 0.31072
642 176 0.25705
643 1102 0.32857
644 202 0.29105
645 161 0.46736
646 1110 0.37036
647 985 0.38911
648 87 0.38785
649 623 0.34052
650 813 0.29905
651 435 0.40849
652 1111 0.42894
653 544 0.35992
654 769 0.081503
655 775 0.013628
656 816 0.33228
657 580 0.44616
658 1109 0.4346
659 222 0.53665
660 1002 0.41177
661 65 0.50752
662 339 0.58742
663 80 0.36737
664 19 0.45803
665 222 0.41524
666 938 0.25481
667 845 0.24708
668 318 0.4408
669 240 0.38716
670 944 0.39194
671 240 0.30297
672 67 0.37269
673 887 0.42983
674 1016 0.34254
675 325 0.36375
676 482 0.46867
677 309 0.49812
678 218 0.37241
679 814 0.35444
680 419 0.2362
681 378 0.24925
682 801 0.33066
683 982 0.35593
684 1114 0.39735
685 324 0.34215
686 593 0.4187
687 635 0.36134
688 989 0.40594
689 144 0.37779
690 290 0.41154
691 440 0.40965
692 942 0.42844
693 265 0.49154
694 689 0.30738
695 690 0.30016
696 824 0.027447
697 208 0.29544
698 606 0.23006
699 652 0.18362
700 656 0.12037
701 599 0.38416
702 827 0.024846
703 45 0.4511
704 1064 0.45682
705 659 0.11309
706 1006 0.38035
707 937 0.27412
708 611 0.51651
709 302 0.31679
710 944 0.53382
711 832 0.22175
712 48 0.44853
713 625 0.45067
714 533 0.3089
715 662 0.45774
716 380 0.26314
717 381 0.25904
718 182 0.27685
719 526 0.49167
720 996 0.43438
721 960 0.1269
722 847 0.12237
723 687 0.12981
724 1034 0.33485
725 946 0.44627
726 963 0.093809
727 848 0.13547
728 638 0.4918
729 8 0.32458
730 854 0.012179
731 319 0.29183
732 147 0.26928
733 145 0.32881
734 146 0.32629
735 467 0.3543
736 470 0.476
737 744 0.38079
738 131 0.33723
739 745 0.3728
740 16 0.3753
741 856 0.028793
742 857 0.073507
743 968 0.4112
744 864 0.026072
745 865 0.030399
746 1047 0.34479
747 1002 0.27267
748 636 0.5523
749 209 0.2632
750 477 0.33137
751 724 0.27519
752 541 0.42807
753 37 0.41459
754 866 0.39798
755 99 0.41442
756 876 0.017279
757 877 0.030459
758 737 0.42834
759 978 0.34099
760 890 0.48227
761 512 0.32929
762 86 0.27413
763 624 0.27079
764 115 0.43367
765 879 0.014749
766 888 0.28663
767 590 0.388
768 709 0.40176
769 115 0.40883
770 742 0.3661
771 636 0.51746
772 95 0.35186
773 887 0.096679
774 1033 0.39446
775 619 0.44428
776 986 0.057511
777 987 0.087319
778 1099 0.40554
779 661 0.44516
780 149 0.31816
781 833 0.3944
782 554 0.41869
783 626 0.49006
784 763 0.18621
785 438 0.48536
786 806 0.43306
787 899 0.33542
788 885 0.40131
789 38 0.47409
790 996 0.30516
791 566 0.33963
792 343 0.43138
793 371 0.37328
794 984 0.50991
795 68 0.45313
796 651 0.4336
797 960 0.43324
798 496 0.50139
799 929 0.037621
800 364 0.41302
801 481 0.40556
802 68 0.47002
803 543 0.45492
804 264 0.43699
805 654 0.45538
806 433 0.37688
807 932 0.026236
808 1020 0.37859
809 780 0.34746
810 562 0.35475
811 1055 0.33969
812 996 0.27047
813 936 0.032744
814 745 0.3171
815 938 0.18507
816 184 0.43301
817 426 0.43781
818 939 0.2176
819 1087 0.34714
820 547 0.51366
821 817 0.24529
822 1090 0.47455
823 1122 0.4181
824 628 0.34515
825 613 0.27758
826 689 0.23149
827 690 0.28957
828 943 0.13932
829 944 0.076185
830 824 0.12168
831 946 0.41803
832 1006 0.45443
833 427 0.40677
834 825 0.3936
835 1123 0.36747
836 676 0.40006
837 228 0.44295
838 969 0.47567
839 946 0.045091
840 1089 0.16532
841 1089 0.19036
842 1089 0.21642
843 948 0.018022
844 949 0.017517
845 1015 0.12043
846 426 0.41996
847 956 0.025903
848 957 0.054132
849 1022 0.29626
850 961 0.016904
851 962 0.017113
852 1089 0.48326
853 963 0.15032
854 687 0.2203
855 963 0.09716
856 848 0.12018
857 19 0.34341
858 967 0.099621
859 887 0.29881
860 888 0.28599
861 970 0.017194
862 208 0.39831
863 199 0.37928
864 973 0.03132
865 969 0.30921
866 16 0.32473
867 661 0.42412
868 734 0.40518
869 23 0.39162
870 51 0.43529
871 456 0.41734
872 1016 0.38236
873 1032 0.54694
874 185 0.38382
875 503 0.33133
876 853 0.40161
877 474 0.36557
878 880 0.24669
879 104 0.42679
880 635 0.38292
881 182 0.24831
882 609 0.2111
883 161 0.5263
884 1102 0.19425
885 1097 0.52437
886 985 0.019806
887 544 0.33593
888 990 0.0090558
889 837 0.37448
890 231 0.41
891 995 0.4389
892 170 0.34931
893 231 0.41313
894 923 0.11962
895 465 0.34482
896 496 0.4689
897 72 0.48481
898 259 0.32019
899 24 0.5069
900 487 0.39877
901 1002 0.052422
902 825 0.38425
903 1004 0.032542
904 559 0.38101
905 650 0.51545
906 333 0.4395
907 1122 0.38364
908 745 0.38039
909 132 0.31149
910 1007 0.047203
911 11 0.49784
912 247 0.51194
913 1008 0.12597
914 280 0.4551
915 1011 0.12232
916 1122 0.41034
917 1014 0.02993
918 1110 0.22718
919 1110 0.25675
920 1085 0.20952
921 838 0.21488
922 1089 0.22023
923 950 0.35934
924 898 0.38367
925 1018 0.035082
926 1019 0.046309
927 767 0.32305
928 1089 0.23752
929 161 0.3852
930 179 0.35687
931 990 0.37257
932 724 0.36827
933 1027 0.09174
934 470 0.25324
935 341 0.34171
936 853 0.41041
937 70 0.40555
938 87 0.32538
939 976 0.40935
940 256 0.45987
941 891 0.39906
942 182 0.24904
943 412 0.5614
944 1037 0.31459
945 381 0.37464
946 917 0.3556
947 675 0.37418
948 524 0.41017
949 1008 0.51548
950 720 0.46862
951 450 0.41142
952 774 0.43781
953 130 0.4321
954 606 0.32774
955 209 0.22949
956 395 0.36243
957 1085 0.099833
958 1085 0.10203
959 1085 0.11269
960 1085 0.13747
961 1085 0.14728
962 1089 0.18195
963 1123 0.39797
964 876 0.44284
965 1067 0.19665
966 1092 0.36541
967 699 0.39219
968 692 0.34626
969 149 0.37198
970 1092 0.34282
971 1069 0.05299
972 455 0.36834
973 980 0.37634
974 554 0.40027
975 590 0.44209
976 528 0.2879
977 160 0.30891
978 68 0.46796
979 684 0.38317
980 1072 0.013973
981 1077 0.044439
982 530 0.32486
983 1013 0.55191
984 1080 0.35846
985 786 0.48981
986 781 0.40157
987 1088 0.017452
988 1089 0.20811
989 1089 0.18751
990 1089 0.19274
991 412 0.36699
992 1092 0.02204
993 1093 0.03575
994 1031 0.43363
995 722 0.41466
996 970 0.40619
997 1102 0.012342
998 662 0.58245
999 88 0.44033
1000 1078 0.066907
1001 801 0.31143
1002 550 0.43505
1003 277 0.36008
1004 815 0.3231
1005 1085 0.38914
1006 1111 0.02841
1007 1113 0.01239
1008 1089 0.18336
1009 176 0.44256
1010 1102 0.20539
1011 661 0.64264
1012 188 0.46736
1013 996 0.33835
1014 1089 0.21589
1015 1119 0.047021
1016 188 0.44601
1017 1122 0.033317
1018 340 0.40164
1019 1124 0.2934
1020 994 0.55337
1021 344 0.35933
1022 37 0.48528
1023 1085 0.21214
1024 949 0.47686
1025 68 0.29857
1026 710 0.48839
1027 227 0.35664
1028 982 0.33854
1029 893 0.31186
1030 147 0.31521
