1246
1 2 0.45547
2 677 0.47904
3 6 0.4565
4 434 0.35313
5 546 0.47787
6 822 0.49459
7 1144 0.33767
8 860 0.39179
9 715 0.3427
10 98 0.46654
11 679 0.40316
12 754 0.49835
13 1189 0.31734
14 98 0.33057
15 683 0.44333
16 657 0.49065
17 793 0.37056
18 836 0.41154
19 17 0.13051
20 18 0.10117
21 541 0.40694
22 139 0.41227
23 907 0.33072
24 1228 0.34439
25 859 0.3479
26 10 0.46767
27 742 0.5085
28 58 0.44969
29 43 0.027481
30 165 0.37733
31 71 0.47664
32 580 0.32984
33 581 0.28909
34 1005 0.34036
35 48 0.035754
36 588 0.43429
37 398 0.38328
38 1182 0.3793
39 898 0.40767
40 155 0.40274
41 492 0.32576
42 50 0.026373
43 51 0.017364
44 622 0.33609
45 580 0.3597
46 581 0.29173
47 838 0.3949
48 848 0.41925
49 281 0.40278
50 515 0.44029
51 57 0.027171
52 58 0.024968
53 567 0.3489
54 76 0.05139
55 542 0.37797
56 442 0.46203
57 87 0.50069
58 104 0.40825
59 71 0.38431
60 857 0.40384
61 537 0.41829
62 156 0.45784
63 610 0.43284
64 1020 0.30734
65 845 0.3421
66 761 0.27529
67 219 0.44147
68 98 0.49635
69 176 0.3213
70 8 0.40611
71 1143 0.36998
72 17 0.39744
73 84 0.20313
74 169 0.45203
75 596 0.42588
76 595 0.43659
77 986 0.43534
78 133 0.36392
79 43 0.44782
80 795 0.37315
81 442 0.37401
82 212 0.40499
83 57 0.37367
84 1015 0.42752
85 159 0.43338
86 794 0.42538
87 556 0.43194
88 990 0.40755
89 797 0.43083
90 146 0.43058
91 129 0.47833
92 119 0.42377
93 877 0.54502
94 856 0.3513
95 398 0.44744
96 882 0.33296
97 747 0.43045
98 567 0.3444
99 553 0.33271
100 124 0.5371
101 111 0.056207
102 867 0.38936
103 146 0.31434
104 709 0.42021
105 806 0.4413
106 1109 0.33736
107 123 0.16694
108 124 0.17544
109 747 0.49032
110 961 0.39609
111 139 0.076739
112 243 0.39477
113 110 0.35351
114 580 0.40259
115 581 0.43233
116 243 0.24934
117 146 0.33981
118 591 0.11026
119 563 0.28183
120 569 0.33446
121 1002 0.37699
122 764 0.36896
123 1196 0.47249
124 680 0.28053
125 602 0.35231
126 140 0.34758
127 247 0.33051
128 1147 0.43807
129 85 0.46038
130 863 0.38679
131 304 0.48813
132 612 0.37856
133 334 0.32104
134 15 0.42424
135 113 0.50438
136 1018 0.36133
137 212 0.39531
138 164 0.049487
139 165 0.032153
140 239 0.32636
141 337 0.34241
142 404 0.42733
143 131 0.40706
144 815 0.48139
145 696 0.45757
146 599 0.52602
147 173 0.42046
148 167 0.047265
149 1182 0.38174
150 21 0.26967
151 193 0.39398
152 1095 0.28751
153 845 0.34563
154 1115 0.31549
155 206 0.31896
156 213 0.3285
157 582 0.34514
158 1029 0.46812
159 441 0.43694
160 41 0.38739
161 203 0.40557
162 292 0.35016
163 170 0.33922
164 618 0.3118
165 598 0.32421
166 148 0.37185
167 1095 0.31516
168 183 0.32568
169 520 0.40549
170 108 0.40555
171 542 0.44494
172 194 0.45531
173 519 0.45044
174 563 0.32709
175 1095 0.26346
176 374 0.31755
177 796 0.37676
178 111 0.29508
179 225 0.4335
180 796 0.33634
181 1015 0.29978
182 1105 0.38872
183 105 0.335
184 1025 0.24065
185 201 0.063333
186 1020 0.20803
187 243 0.32765
188 836 0.33967
189 204 0.44643
190 1019 0.3802
191 946 0.36641
192 808 0.22305
193 808 0.18592
194 1009 0.35949
195 813 0.36916
196 800 0.39179
197 398 0.47106
198 532 0.3555
199 629 0.38197
200 27 0.4498
201 961 0.37502
202 37 0.47901
203 605 0.50967
204 1025 0.35011
205 1003 0.49792
206 1151 0.6465
207 527 0.64192
208 628 0.40233
209 743 0.40127
210 1068 0.40559
211 596 0.37631
212 615 0.33849
213 991 0.3163
214 635 0.25337
215 634 0.30146
216 846 0.27313
217 842 0.38081
218 206 0.26184
219 820 0.35314
220 626 0.40015
221 967 0.37678
222 245 0.41419
223 561 0.55414
224 1116 0.37464
225 10 0.39102
226 822 0.41526
227 928 0.42876
228 819 0.42388
229 204 0.34714
230 812 0.40514
231 840 0.40305
232 919 0.47733
233 237 0.30022
234 444 0.38757
235 391 0.43777
236 641 0.35814
237 1014 0.22032
238 907 0.5593
239 386 0.41379
240 157 0.42509
241 246 0.33748
242 1100 0.40391
243 598 0.37814
244 1085 0.45885
245 240 0.28019
246 788 0.26933
247 641 0.34496
248 167 0.40816
249 119 0.40611
250 521 0.42094
251 1151 0.34476
252 456 0.49535
253 1091 0.52173
254 403 0.35351
255 163 0.35242
256 1238 0.30517
257 1198 0.26573
258 1119 0.40002
259 827 0.46686
260 1232 0.47585
261 318 0.48587
262 189 0.57764
263 902 0.44668
264 275 0.21244
265 51 0.39679
266 41 0.40301
267 97 0.53485
268 468 0.39749
269 16 0.40432
270 272 0.5448
271 815 0.54896
272 1228 0.38692
273 566 0.29051
274 443 0.50315
275 797 0.39592
276 93 0.41025
277 51 0.41576
278 637 0.3847
279 27 0.45291
280 446 0.50477
281 461 0.35885
282 91 0.44002
283 723 0.43225
284 657 0.49046
285 974 0.51258
286 673 0.12973
287 844 0.37015
288 305 0.074153
289 576 0.42237
290 30 0.42529
291 90 0.33889
292 11 0.35554
293 116 0.37929
294 965 0.39258
295 1060 0.41375
296 187 0.38941
297 679 0.36245
298 73 0.33124
299 403 0.27667
300 225 0.42155
301 61 0.49094
302 316 0.041788
303 192 0.4054
304 1232 0.32659
305 318 0.01748
306 319 0.014652
307 341 0.46996
308 457 0.45607
309 456 0.45591
310 711 0.30706
311 562 0.42038
312 528 0.34286
313 1107 0.52286
314 684 0.49451
315 779 0.45385
316 439 0.46769
317 753 0.39407
318 332 0.010345
319 323 0.42168
320 1005 0.42054
321 679 0.38142
322 458 0.39784
323 236 0.32748
324 217 0.4002
325 90 0.33844
326 637 0.34773
327 209 0.41152
328 522 0.3449
329 436 0.43022
330 883 0.5004
331 51 0.3912
332 199 0.3992
333 533 0.42641
334 337 0.011993
335 343 0.097315
336 419 0.53391
337 990 0.50672
338 348 0.035064
339 347 0.011154
340 748 0.36881
341 35 0.46445
342 1095 0.39022
343 296 0.42302
344 357 0.074131
345 945 0.41662
346 720 0.47136
347 181 0.51774
348 355 0.021799
349 235 0.48106
350 591 0.38252
351 715 0.3964
352 107 0.45522
353 793 0.39336
354 899 0.32582
355 900 0.39158
356 890 0.34217
357 236 0.41419
358 144 0.411
359 366 0.017555
360 212 0.3333
361 804 0.4822
362 367 0.077193
363 453 0.39351
364 44 0.54548
365 497 0.5361
366 39 0.28959
367 673 0.40024
368 1023 0.38596
369 621 0.38577
370 951 0.48087
371 1145 0.34613
372 186 0.44883
373 36 0.38947
374 1014 0.38414
375 637 0.47621
376 1278 0.31974
377 170 0.474
378 1178 0.42612
379 910 0.45029
380 32 0.45145
381 832 0.51446
382 880 0.66138
383 17 0.44873
384 123 0.44525
385 319 0.37734
386 1106 0.47486
387 292 0.34146
388 804 0.50389
389 567 0.22385
390 693 0.606
391 1120 0.43009
392 810 0.49345
393 929 0.50133
394 1107 0.43593
395 973 0.43455
396 436 0.40405
397 932 0.43678
398 840 0.39599
399 457 0.2302
400 768 0.29195
401 36 0.4292
402 685 0.30656
403 705 0.26039
404 838 0.25643
405 710 0.38377
406 801 0.34734
407 1059 0.43703
408 1070 0.2825
409 88 0.32925
410 497 0.31061
411 375 0.52834
412 684 0.29989
413 108 0.43279
414 148 0.46322
415 314 0.31555
416 62 0.43128
417 553 0.30122
418 31 0.3392
419 475 0.40412
420 108 0.37947
421 51 0.23494
422 260 0.40566
423 515 0.477
424 780 0.24698
425 1073 0.15524
426 273 0.36055
427 245 0.23959
428 1267 0.34532
429 1260 0.17792
430 921 0.54441
431 1133 0.60734
432 58 0.35857
433 814 0.48201
434 824 0.46724
435 1196 0.37233
436 105 0.4549
437 1117 0.43056
438 1118 0.41154
439 808 0.26682
440 480 0.41228
441 1091 0.42505
442 490 0.27407
443 1081 0.34598
444 1187 0.26367
445 411 0.37147
446 1075 0.64735
447 476 0.1248
448 285 0.4778
449 777 0.22976
450 773 0.28322
451 790 0.20133
452 970 0.26873
453 1157 0.24296
454 1077 0.11992
455 957 0.29311
456 993 0.35837
457 45 0.43685
458 781 0.39099
459 948 0.22974
460 722 0.40537
461 1052 0.3863
462 236 0.40107
463 1278 0.33864
464 1263 0.37145
465 373 0.31851
466 1226 0.23466
467 1157 0.083866
468 497 0.38618
469 769 0.30185
470 497 0.42288
471 132 0.49021
472 1150 0.4702
473 399 0.47598
474 608 0.43125
475 127 0.43651
476 146 0.34039
477 841 0.33081
478 908 0.47535
479 1104 0.30912
480 424 0.35681
481 137 0.39914
482 513 0.38195
483 614 0.39549
484 322 0.50261
485 133 0.38585
486 48 0.38255
487 120 0.42443
488 159 0.42647
489 537 0.47908
490 1268 0.52836
491 1145 0.43789
492 1146 0.43468
493 702 0.43766
494 159 0.31514
495 173 0.32031
496 944 0.37885
497 16 0.44366
498 989 0.39869
499 210 0.43719
500 832 0.26812
501 538 0.15654
502 539 0.14769
503 843 0.44026
504 1107 0.37635
505 541 0.035724
506 830 0.30224
507 1067 0.31676
508 71 0.39402
509 72 0.3315
510 573 0.37077
511 206 0.40201
512 812 0.31858
513 110 0.46876
514 800 0.29841
515 991 0.38331
516 211 0.31983
517 849 0.37148
518 482 0.35302
519 160 0.33971
520 165 0.36477
521 545 0.34933
522 296 0.45297
523 66 0.3853
524 825 0.33867
525 150 0.41294
526 120 0.38506
527 257 0.38726
528 105 0.31755
529 587 0.38926
530 823 0.34907
531 247 0.37609
532 571 0.032165
533 613 0.39297
534 174 0.40264
535 419 0.38715
536 189 0.43775
537 111 0.41546
538 14 0.36087
539 864 0.38467
540 668 0.34259
541 1112 0.42708
542 595 0.048137
543 596 0.059224
544 832 0.41653
545 69 0.36863
546 1095 0.30985
547 48 0.37405
548 75 0.38579
549 542 0.48735
550 606 0.14201
551 148 0.37921
552 179 0.069952
553 171 0.35786
554 846 0.32013
555 591 0.3582
556 1020 0.3496
557 117 0.32652
558 617 0.051991
559 258 0.47803
560 8 0.43319
561 1113 0.36126
562 228 0.28137
563 844 0.26699
564 115 0.35125
565 114 0.3355
566 146 0.36978
567 1027 0.40662
568 618 0.024668
569 1113 0.32274
570 844 0.32123
571 207 0.41704
572 183 0.34183
573 849 0.41759
574 840 0.30217
575 846 0.29875
576 10 0.38822
577 804 0.35296
578 839 0.35639
579 166 0.21861
580 1093 0.31011
581 838 0.37185
582 230 0.37901
583 234 0.41238
584 581 0.3469
585 234 0.34547
586 248 0.36802
587 708 0.41668
588 1010 0.37269
589 832 0.41787
590 19 0.44277
591 898 0.34352
592 846 0.27828
593 296 0.5731
594 811 0.36901
595 297 0.38985
596 269 0.59452
597 235 0.54826
598 266 0.59825
599 878 0.36984
600 311 0.42193
601 1276 0.30758
602 1263 0.44835
603 986 0.43633
604 1060 0.39755
605 967 0.3905
606 1108 0.36382
607 1277 0.33715
608 650 0.061697
609 740 0.49819
610 739 0.41961
611 563 0.41334
612 1106 0.42426
613 316 0.41697
614 312 0.51902
615 187 0.45102
616 581 0.5417
617 771 0.31033
618 111 0.34586
619 1118 0.32246
620 280 0.52823
621 584 0.38389
622 1211 0.4361
623 89 0.30995
624 944 0.50235
625 908 0.4898
626 716 0.4141
627 984 0.38175
628 292 0.45961
629 1120 0.38529
630 61 0.45773
631 456 0.5659
632 878 0.46258
633 53 0.45257
634 443 0.46741
635 914 0.37506
636 592 0.54414
637 15 0.42993
638 717 0.53639
639 1148 0.43013
640 677 0.12212
641 267 0.42516
642 206 0.48588
643 1198 0.28895
644 265 0.36671
645 306 0.54311
646 825 0.42229
647 148 0.52516
648 159 0.41385
649 1106 0.46683
650 627 0.39011
651 1238 0.41887
652 500 0.38701
653 806 0.37482
654 1018 0.30855
655 1142 0.40962
656 1257 0.37708
657 332 0.11608
658 698 0.010403
659 699 0.0092036
660 710 0.44062
661 279 0.39829
662 554 0.46431
663 1233 0.45767
664 818 0.40595
665 751 0.37451
666 431 0.35791
667 517 0.45112
668 708 0.02823
669 113 0.57924
670 39 0.50171
671 1091 0.50998
672 500 0.4373
673 9 0.337
674 1068 0.43221
675 567 0.42414
676 180 0.41968
677 648 0.39466
678 560 0.42291
679 989 0.39294
680 446 0.51465
681 421 0.36652
682 1021 0.39368
683 935 0.39497
684 139 0.34562
685 690 0.49101
686 500 0.45534
687 1109 0.50926
688 787 0.39674
689 394 0.45293
690 526 0.36515
691 309 0.50476
692 1087 0.29684
693 567 0.37501
694 1198 0.34724
695 923 0.43177
696 456 0.47354
697 528 0.50172
698 111 0.52562
699 524 0.33305
700 981 0.34161
701 69 0.42054
702 948 0.21252
703 441 0.4537
704 1141 0.50659
705 442 0.37884
706 14 0.50723
707 1070 0.21828
708 464 0.44641
709 874 0.22278
710 975 0.36297
711 718 0.35084
712 719 0.22119
713 1266 0.32376
714 759 0.62155
715 963 0.078181
716 702 0.43593
717 312 0.4326
718 812 0.54417
719 698 0.47874
720 699 0.57476
721 1084 0.25313
722 1062 0.38046
723 1263 0.28796
724 1090 0.24676
725 856 0.39287
726 326 0.44276
727 782 0.42593
728 1227 0.29378
729 498 0.22496
730 495 0.53384
731 788 0.26788
732 927 0.24004
733 417 0.34058
734 503 0.39018
735 410 0.3703
736 755 0.23603
737 1079 0.32701
738 1186 0.4192
739 1170 0.24245
740 46 0.37214
741 626 0.4035
742 796 0.022522
743 804 0.31819
744 1019 0.23087
745 572 0.31472
746 799 0.044541
747 800 0.060033
748 1185 0.37575
749 107 0.45352
750 803 0.043549
751 458 0.3794
752 91 0.26955
753 395 0.39024
754 585 0.37653
755 804 0.086322
756 1081 0.36427
757 333 0.35824
758 1110 0.27527
759 139 0.28783
760 990 0.43662
761 1147 0.32286
762 31 0.39051
763 165 0.43713
764 124 0.37784
765 584 0.34997
766 811 0.099489
767 190 0.46728
768 679 0.40419
769 131 0.37446
770 1019 0.32595
771 39 0.2997
772 449 0.4093
773 206 0.30278
774 193 0.43754
775 160 0.38783
776 817 0.025655
777 818 0.039497
778 575 0.26446
779 715 0.33998
780 823 0.013697
781 226 0.51009
782 748 0.41077
783 1239 0.39935
784 988 0.44377
785 120 0.41801
786 584 0.32247
787 8 0.34575
788 135 0.37698
789 830 0.014806
790 825 0.018786
791 826 0.031483
792 833 0.089302
793 136 0.47833
794 864 0.41378
795 571 0.42484
796 1013 0.42026
797 796 0.34808
798 838 0.26313
799 204 0.46911
800 193 0.37429
801 86 0.3948
802 825 0.41755
803 884 0.39462
804 234 0.44909
805 919 0.46943
806 841 0.023862
807 581 0.27942
808 1241 0.33813
809 823 0.30787
810 562 0.34604
811 850 0.021987
812 125 0.55665
813 78 0.50927
814 171 0.34722
815 161 0.50675
816 203 0.36265
817 743 0.41443
818 855 0.3005
819 333 0.3704
820 834 0.43634
821 1018 0.23213
822 532 0.42601
823 635 0.29943
824 274 0.20423
825 1123 0.27897
826 57 0.38783
827 39 0.42212
828 48 0.43337
829 440 0.45925
830 475 0.46377
831 469 0.39443
832 6 0.39266
833 83 0.54992
834 92 0.4082
835 270 0.37541
836 103 0.34996
837 112 0.3414
838 981 0.55463
839 651 0.019069
840 664 0.36837
841 874 0.0056472
842 108 0.40249
843 876 0.19952
844 101 0.5891
845 19 0.39359
846 117 0.35125
847 30 0.45158
848 1134 0.51355
849 1034 0.28292
850 723 0.46609
851 847 0.50344
852 520 0.43111
853 51 0.35454
854 1041 0.23731
855 1106 0.54092
856 205 0.51681
857 467 0.51187
858 1024 0.39428
859 105 0.42387
860 887 0.0025995
861 441 0.49164
862 351 0.44644
863 1045 0.5117
864 838 0.43681
865 185 0.45062
866 890 0.019989
867 892 0.024702
868 893 0.013357
869 784 0.44001
870 838 0.36814
871 292 0.39783
872 1051 0.45028
873 1060 0.41343
874 678 0.055999
875 953 0.29352
876 889 0.43836
877 22 0.33762
878 898 0.027809
879 358 0.39629
880 111 0.42864
881 682 0.071478
882 899 0.0017835
883 900 0.0060684
884 90 0.39848
885 297 0.40692
886 541 0.49742
887 901 0.012174
888 1024 0.38064
889 703 0.428
890 457 0.48416
891 637 0.52798
892 825 0.32679
893 908 0.018154
894 933 0.43696
895 803 0.41529
896 999 0.49225
897 273 0.42415
898 1225 0.43897
899 760 0.3777
900 911 0.026696
901 554 0.41464
902 1045 0.40387
903 18 0.43978
904 1174 0.44455
905 1023 0.37262
906 897 0.50738
907 333 0.32169
908 1198 0.33842
909 926 0.0063725
910 584 0.34913
911 1243 0.30019
912 30 0.36477
913 87 0.42732
914 514 0.35169
915 26 0.45471
916 1157 0.14502
917 1070 0.19072
918 14 0.40897
919 881 0.44285
920 98 0.43773
921 286 0.50513
922 240 0.40501
923 711 0.43715
924 324 0.43261
925 36 0.30259
926 1085 0.39936
927 465 0.22386
928 363 0.43612
929 400 0.50843
930 429 0.65665
931 1226 0.36038
932 454 0.28805
933 1039 0.35466
934 1082 0.26866
935 1146 0.4489
936 1195 0.36591
937 778 0.38889
938 506 0.17579
939 288 0.46167
940 757 0.44846
941 786 0.35394
942 485 0.37283
943 959 0.22588
944 1080 0.16365
945 770 0.38292
946 1231 0.28225
947 1165 0.53692
948 740 0.45402
949 841 0.37958
950 1183 0.37537
951 218 0.39513
952 822 0.32708
953 629 0.42449
954 31 0.40143
955 995 0.037435
956 1006 0.35015
957 835 0.28151
958 1014 0.32215
959 846 0.20977
960 364 0.26865
961 1007 0.017238
962 91 0.32556
963 578 0.52084
964 577 0.41103
965 210 0.39641
966 1011 0.022199
967 1012 0.012688
968 1020 0.37102
969 1095 0.32329
970 592 0.38002
971 593 0.34589
972 1014 0.032161
973 622 0.43183
974 257 0.31048
975 621 0.40007
976 529 0.41075
977 796 0.32965
978 1015 0.011291
979 631 0.37957
980 634 0.29938
981 845 0.36823
982 580 0.37863
983 1241 0.38619
984 1004 0.33338
985 836 0.38125
986 1177 0.38033
987 1026 0.36362
988 817 0.40491
989 87 0.40085
990 567 0.30703
991 234 0.26761
992 864 0.39835
993 1026 0.11734
994 226 0.43907
995 387 0.39416
996 902 0.3878
997 1122 0.19915
998 769 0.29438
999 1088 0.27634
1000 19 0.536
1001 664 0.46135
1002 53 0.46996
1003 567 0.37392
1004 24 0.48474
1005 1106 0.47291
1006 1042 0.016818
1007 314 0.38562
1008 895 0.11161
1009 372 0.53114
1010 356 0.43554
1011 1225 0.38877
1012 659 0.54398
1013 578 0.57646
1014 899 0.43667
1015 1053 0.036728
1016 808 0.23487
1017 51 0.21831
1018 716 0.28728
1019 1164 0.31328
1020 446 0.43847
1021 308 0.22617
1022 25 0.34618
1023 524 0.54039
1024 837 0.45644
1025 971 0.30796
1026 115 0.33208
1027 925 0.42863
1028 82 0.52346
1029 100 0.45334
1030 1160 0.38812
1031 768 0.36498
1032 1052 0.41313
1033 986 0.46334
1034 1036 0.35075
1035 517 0.3212
1036 433 0.33543
1037 1147 0.33133
1038 959 0.44197
1039 1226 0.36748
1040 107 0.41867
1041 528 0.53635
1042 487 0.48904
1043 1062 0.40264
1044 710 0.3116
1045 96 0.4778
1046 1032 0.32226
1047 971 0.29673
1048 1211 0.48886
1049 454 0.30733
1050 1278 0.21996
1051 1087 0.091215
1052 1074 0.19279
1053 786 0.31478
1054 770 0.40574
1055 757 0.4181
1056 836 0.46516
1057 818 0.42932
1058 1092 0.007591
1059 1093 0.025184
1060 1054 0.51076
1061 1095 0.0054486
1062 1116 0.39626
1063 110 0.33276
1064 449 0.264
1065 1098 0.017382
1066 64 0.37663
1067 247 0.44452
1068 1104 0.015098
1069 627 0.42538
1070 824 0.45639
1071 1105 0.029113
1072 1106 0.050963
1073 234 0.22935
1074 621 0.39015
1075 633 0.30498
1076 1112 0.025919
1077 250 0.28201
1078 1114 0.066692
1079 671 0.37962
1080 37 0.43804
1081 1043 0.42403
1082 574 0.40637
1083 788 0.31519
1084 634 0.27813
1085 1142 0.3321
1086 1242 0.42122
1087 638 0.33121
1088 917 0.54574
1089 507 0.46911
1090 1166 0.27118
1091 184 0.44163
1092 133 0.35692
1093 436 0.44998
1094 1130 0.017914
1095 1131 0.0093759
1096 1132 0.065217
1097 1133 0.015149
1098 15 0.34125
1099 518 0.57486
1100 778 0.46631
1101 970 0.33092
1102 1139 0.001911
1103 1140 0.021547
1104 1141 0.01364
1105 1142 0.025235
1106 1186 0.32228
1107 1076 0.23326
1108 395 0.47901
1109 978 0.40726
1110 760 0.43933
1111 626 0.43382
1112 386 0.4388
1113 1189 0.49555
1114 686 0.45107
1115 1152 0.02026
1116 541 0.35383
1117 634 0.33726
1118 1164 0.37433
1119 1120 0.54866
1120 695 0.50697
1121 521 0.5065
1122 58 0.44728
1123 662 0.38441
1124 1168 0.44245
1125 684 0.43826
1126 757 0.25723
1127 1210 0.11772
1128 1207 0.11689
1129 318 0.33663
1130 48 0.44904
1131 1166 0.03651
1132 1228 0.52333
1133 617 0.43905
1134 1019 0.36651
1135 25 0.37645
1136 334 0.38236
1137 1178 0.48946
1138 180 0.38174
1139 836 0.35948
1140 627 0.42266
1141 836 0.34635
1142 1180 0.056952
1143 1181 0.04116
1144 605 0.47697
1145 64 0.45734
1146 1185 0.47842
1147 702 0.53861
1148 404 0.30218
1149 484 0.45302
1150 1164 0.36691
1151 155 0.3934
1152 456 0.48917
1153 249 0.29926
1154 1192 0.0035677
1155 340 0.40067
1156 988 0.37077
1157 1267 0.41769
1158 1196 0.011245
1159 1197 0.065225
1160 716 0.33288
1161 948 0.3456
1162 807 0.49872
1163 657 0.53572
1164 1199 0.026998
1165 480 0.36924
1166 508 0.4247
1167 1089 0.37355
1168 980 0.25199
1169 699 0.46533
1170 976 0.41466
1171 1032 0.28728
1172 1033 0.35113
1173 954 0.25532
1174 491 0.36597
1175 1249 0.32652
1176 1188 0.059349
1177 1009 0.41596
1178 628 0.52646
1179 917 0.52689
1180 872 0.41732
1181 1240 0.061812
1182 719 0.26227
1183 245 0.27733
1184 684 0.3838
1185 140 0.3097
1186 500 0.30836
1187 769 0.22814
1188 1220 0.054428
1189 88 0.41057
1190 396 0.63356
1191 1129 0.33889
1192 1159 0.25603
1193 270 0.43201
1194 953 0.39081
1195 966 0.47345
1196 9 0.49196
1197 883 0.48934
1198 1220 0.34559
1199 491 0.45567
1200 120 0.56379
1201 1234 0.0080586
1202 373 0.38636
1203 1244 0.010422
1204 49 0.56355
1205 905 0.59358
1206 711 0.395
1207 70 0.43763
1208 1245 0.011043
1209 1186 0.49415
1210 261 0.42755
1211 1088 0.40981
1212 414 0.26061
1213 236 0.3344
1214 811 0.39075
1215 186 0.49563
1216 198 0.51309
1217 891 0.59193
1218 177 0.40639
1219 1178 0.37413
1220 1256 0.0024156
1221 403 0.33493
1222 1257 0.0053139
1223 1251 0.32436
1224 1080 0.16008
1225 1186 0.40315
1226 768 0.3333
1227 1110 0.32578
1228 92 0.48462
1229 93 0.54492
1230 98 0.43203
1231 1203 0.44124
1232 1048 0.31806
1233 1167 0.26305
1234 1271 0.10095
1235 481 0.29173
1236 1199 0.50741
1237 897 0.37203
1238 1044 0.32889
1239 900 0.31108
1240 1051 0.51533
1241 510 0.52293
1242 1077 0.19401
1243 963 0.13559
1244 1276 0.014497
1245 1277 0.093282
1246 1266 0.17398
