1309
1 568 0.54892
2 879 0.42455
3 786 0.44108
4 460 0.48701
5 908 0.51654
6 1189 0.41764
7 578 0.30732
8 577 0.36015
9 990 0.41705
10 989 0.33824
11 512 0.38647
12 503 0.29002
13 504 0.28702
14 1112 0.40761
15 531 0.43445
16 399 0.47064
17 452 0.45794
18 347 0.39047
19 917 0.32784
20 1295 0.34643
21 145 0.41621
22 56 0.35409
23 539 0.38312
24 153 0.32375
25 28 0.42671
26 95 0.33971
27 590 0.49831
28 199 0.23865
29 15 0.080498
30 1401 0.36587
31 580 0.4474
32 48 0.37445
33 107 0.40285
34 39 0.38454
35 196 0.44187
36 676 0.34428
37 225 0.43812
38 53 0.34452
39 998 0.4685
40 540 0.42469
41 35 0.051843
42 70 0.33857
43 162 0.49146
44 898 0.39863
45 146 0.40362
46 814 0.30983
47 600 0.41331
48 1027 0.50196
49 112 0.39294
50 962 0.42065
51 972 0.4505
52 168 0.41641
53 326 0.44383
54 1417 0.48165
55 1013 0.47548
56 78 0.41828
57 79 0.42137
58 130 0.35961
59 898 0.44549
60 746 0.46321
61 543 0.46782
62 199 0.24365
63 1360 0.3561
64 1326 0.44549
65 399 0.3331
66 1118 0.43734
67 528 0.39794
68 892 0.32759
69 57 0.034687
70 1363 0.43146
71 862 0.38187
72 8 0.26304
73 1111 0.39177
74 547 0.10515
75 591 0.28443
76 78 0.34252
77 591 0.36602
78 630 0.29898
79 52 0.023471
80 876 0.31815
81 905 0.33374
82 542 0.33186
83 571 0.41206
84 1226 0.40137
85 325 0.4344
86 164 0.34084
87 905 0.41956
88 453 0.42346
89 312 0.45346
90 545 0.41577
91 51 0.28804
92 50 0.30432
93 1194 0.42088
94 748 0.33395
95 651 0.52086
96 932 0.42369
97 325 0.45733
98 556 0.38746
99 525 0.32842
100 887 0.47223
101 153 0.40261
102 1191 0.39556
103 542 0.36812
104 151 0.48448
105 101 0.45212
106 66 0.44184
107 1385 0.38329
108 580 0.40256
109 2 0.37978
110 581 0.39371
111 1028 0.37257
112 739 0.39466
113 590 0.38897
114 320 0.46064
115 321 0.39757
116 538 0.40901
117 108 0.047723
118 105 0.024048
119 939 0.52387
120 560 0.55846
121 120 0.37121
122 174 0.4612
123 146 0.32151
124 273 0.36841
125 47 0.50026
126 74 0.51099
127 442 0.42196
128 1434 0.44138
129 148 0.44235
130 149 0.43869
131 867 0.32166
132 889 0.40941
133 573 0.38352
134 217 0.34234
135 547 0.35788
136 658 0.37779
137 502 0.42258
138 126 0.35306
139 32 0.37606
140 31 0.35076
141 542 0.38972
142 637 0.36924
143 599 0.30001
144 1451 0.40522
145 942 0.39086
146 898 0.36811
147 908 0.41831
148 452 0.38161
149 1094 0.32159
150 1175 0.46714
151 905 0.49292
152 1180 0.36757
153 199 0.35829
154 606 0.37553
155 56 0.4077
156 594 0.36255
157 177 0.26527
158 129 0.044934
159 136 0.023552
160 141 0.036326
161 511 0.38667
162 935 0.43612
163 166 0.42077
164 526 0.38744
165 45 0.36003
166 696 0.52686
167 1158 0.40361
168 41 0.39818
169 895 0.40511
170 176 0.36247
171 96 0.34501
172 19 0.41671
173 645 0.43231
174 1420 0.41188
175 1330 0.44097
176 1241 0.36717
177 1242 0.35285
178 944 0.3136
179 608 0.26149
180 511 0.37904
181 927 0.38668
182 943 0.35347
183 660 0.25094
184 659 0.22071
185 152 0.083154
186 153 0.084256
187 612 0.37537
188 296 0.36288
189 898 0.27336
190 623 0.40987
191 86 0.38087
192 146 0.32424
193 1065 0.37525
194 307 0.37313
195 903 0.47171
196 641 0.35824
197 104 0.31631
198 176 0.35829
199 864 0.46758
200 194 0.39516
201 534 0.37647
202 680 0.4183
203 1133 0.36525
204 898 0.40766
205 196 0.36341
206 1316 0.32709
207 94 0.44521
208 151 0.379
209 176 0.29335
210 206 0.26754
211 806 0.3179
212 432 0.40634
213 790 0.44491
214 900 0.44196
215 51 0.43677
216 191 0.36105
217 192 0.42965
218 172 0.37358
219 97 0.43362
220 71 0.42786
221 909 0.32532
222 898 0.30771
223 940 0.25339
224 169 0.33833
225 909 0.55356
226 898 0.44921
227 179 0.19948
228 633 0.37279
229 1128 0.42564
230 262 0.48206
231 1130 0.37274
232 594 0.3619
233 589 0.33196
234 432 0.41568
235 949 0.19941
236 43 0.30191
237 488 0.34199
238 185 0.15442
239 194 0.10953
240 686 0.25179
241 964 0.29914
242 960 0.24543
243 1175 0.51095
244 1483 0.33535
245 226 0.30233
246 32 0.23577
247 199 0.33473
248 547 0.5152
249 859 0.34466
250 325 0.43137
251 902 0.4604
252 196 0.028501
253 1025 0.49216
254 98 0.36003
255 1267 0.3125
256 387 0.4749
257 1041 0.36657
258 1492 0.20639
259 183 0.31053
260 661 0.13866
261 266 0.42514
262 111 0.3782
263 204 0.36727
264 172 0.25451
265 973 0.56375
266 1246 0.52448
267 283 0.3992
268 1268 0.3332
269 211 0.020485
270 193 0.28434
271 1275 0.412
272 616 0.45612
273 678 0.45389
274 1485 0.25084
275 972 0.48835
276 835 0.39272
277 692 0.45195
278 1492 0.27306
279 217 0.091553
280 1162 0.3738
281 1454 0.32836
282 218 0.055773
283 802 0.30342
284 404 0.24461
285 228 0.17374
286 229 0.068604
287 970 0.38809
288 758 0.32575
289 232 0.059329
290 233 0.10508
291 740 0.36258
292 548 0.38315
293 70 0.45603
294 18 0.48329
295 1349 0.38841
296 1485 0.19686
297 687 0.28665
298 1284 0.29652
299 480 0.46083
300 1085 0.23869
301 1497 0.31766
302 245 0.011578
303 366 0.37608
304 1175 0.3445
305 544 0.42765
306 14 0.46222
307 1160 0.39573
308 586 0.34394
309 1364 0.48643
310 1013 0.70039
311 203 0.44383
312 246 0.40124
313 752 0.53556
314 1281 0.40758
315 421 0.38796
316 1088 0.25162
317 998 0.45472
318 254 0.29831
319 1386 0.40249
320 1187 0.44077
321 269 0.38821
322 1246 0.38285
323 896 0.44176
324 164 0.49578
325 990 0.37843
326 1394 0.4011
327 697 0.14793
328 835 0.39476
329 758 0.35333
330 974 0.42087
331 112 0.44593
332 1289 0.40943
333 1412 0.37361
334 5 0.39087
335 1392 0.3552
336 718 0.35511
337 1079 0.44552
338 311 0.31079
339 1432 0.42794
340 301 0.31801
341 266 0.048609
342 701 0.11164
343 268 0.0097727
344 269 0.013105
345 1310 0.33951
346 184 0.39326
347 215 0.48042
348 1293 0.44405
349 917 0.477
350 704 0.13881
351 1156 0.34865
352 354 0.2793
353 988 0.41363
354 1288 0.34376
355 759 0.41457
356 282 0.071372
357 910 0.40952
358 58 0.40446
359 354 0.2153
360 1272 0.44633
361 65 0.41636
362 134 0.48146
363 721 0.091935
364 1410 0.52588
365 1120 0.53706
366 1109 0.37355
367 1329 0.55068
368 397 0.50391
369 1473 0.30819
370 193 0.48356
371 629 0.36106
372 757 0.40421
373 1489 0.29756
374 800 0.44215
375 857 0.4155
376 757 0.21677
377 1186 0.5104
378 879 0.36303
379 575 0.31278
380 322 0.46348
381 45 0.42156
382 1034 0.45233
383 1314 0.52436
384 140 0.41418
385 153 0.42407
386 642 0.48215
387 1417 0.43015
388 178 0.42809
389 757 0.2256
390 772 0.32215
391 557 0.31068
392 357 0.28493
393 369 0.28942
394 658 0.34217
395 366 0.26485
396 354 0.19051
397 1179 0.40077
398 696 0.44793
399 1032 0.42276
400 369 0.29414
401 357 0.25781
402 666 0.35331
403 327 0.038917
404 940 0.37121
405 63 0.33094
406 330 0.053664
407 671 0.45075
408 283 0.30407
409 1418 0.36824
410 1473 0.20991
411 354 0.25461
412 1026 0.42646
413 42 0.47278
414 387 0.28756
415 691 0.39092
416 1308 0.36744
417 812 0.4384
418 335 0.052306
419 165 0.38205
420 1046 0.37709
421 1047 0.37683
422 1048 0.52496
423 489 0.58037
424 1302 0.42131
425 630 0.48429
426 349 0.136
427 357 0.13668
428 624 0.37433
429 432 0.30694
430 1004 0.37539
431 26 0.45582
432 607 0.45593
433 961 0.45879
434 606 0.43757
435 993 0.284
436 887 0.38199
437 766 0.42298
438 56 0.38964
439 370 0.41353
440 935 0.36759
441 371 0.52996
442 432 0.46929
443 363 0.2006
444 716 0.36628
445 702 0.54972
446 1363 0.42378
447 1329 0.42526
448 138 0.41528
449 706 0.33631
450 90 0.42186
451 350 0.45615
452 386 0.15559
453 1358 0.45994
454 298 0.51146
455 110 0.40498
456 1106 0.27816
457 405 0.47744
458 399 0.059382
459 292 0.31978
460 896 0.44307
461 119 0.4159
462 778 0.49395
463 954 0.37631
464 589 0.34473
465 400 0.055706
466 1225 0.3938
467 1226 0.4104
468 593 0.40759
469 401 0.023647
470 402 0.013823
471 117 0.4717
472 1318 0.50163
473 490 0.47462
474 45 0.38343
475 879 0.40343
476 1129 0.25101
477 405 0.023685
478 262 0.31123
479 408 0.023386
480 411 0.020209
481 968 0.43128
482 286 0.52832
483 656 0.45116
484 23 0.39829
485 1349 0.38114
486 417 0.061865
487 418 0.050827
488 984 0.36559
489 604 0.30006
490 414 0.051256
491 703 0.51788
492 513 0.52486
493 492 0.3717
494 355 0.47934
495 1053 0.43342
496 936 0.34832
497 1076 0.42626
498 859 0.38273
499 366 0.47213
500 452 0.4226
501 312 0.39438
502 78 0.31961
503 79 0.32954
504 426 0.032943
505 1074 0.37706
506 897 0.41995
507 897 0.39521
508 1018 0.35729
509 19 0.34974
510 1339 0.40171
511 816 0.1383
512 908 0.41795
513 909 0.37852
514 353 0.40821
515 765 0.38931
516 569 0.44449
517 621 0.38997
518 1432 0.40601
519 313 0.37069
520 164 0.42407
521 160 0.31902
522 470 0.43325
523 455 0.41775
524 178 0.44779
525 263 0.51935
526 123 0.50368
527 820 0.12229
528 842 0.33113
529 166 0.33307
530 996 0.31997
531 485 0.29242
532 538 0.42883
533 718 0.53263
534 1065 0.50207
535 645 0.36443
536 559 0.4614
537 155 0.54056
538 1081 0.36566
539 852 0.27496
540 478 0.32878
541 849 0.19852
542 1080 0.27458
543 498 0.27809
544 477 0.28348
545 474 0.20868
546 854 0.36859
547 840 0.31951
548 1085 0.28656
549 1089 0.29912
550 502 0.044474
551 585 0.29871
552 904 0.39475
553 532 0.35274
554 201 0.48751
555 510 0.032003
556 879 0.37974
557 530 0.035359
558 1020 0.38519
559 429 0.30102
560 1052 0.35962
561 548 0.343
562 826 0.45148
563 542 0.42833
564 1130 0.37987
565 83 0.41499
566 505 0.39822
567 532 0.021254
568 15 0.31726
569 136 0.31094
570 165 0.41713
571 886 0.20339
572 630 0.43746
573 934 0.41259
574 274 0.45986
575 65 0.15569
576 513 0.41722
577 1070 0.40971
578 312 0.35553
579 941 0.31015
580 557 0.015504
581 1065 0.43753
582 947 0.341
583 908 0.42958
584 1065 0.39983
585 648 0.44867
586 864 0.42922
587 650 0.50623
588 1027 0.45615
589 1323 0.3342
590 1270 0.44031
591 556 0.40323
592 549 0.33786
593 177 0.32943
594 390 0.38698
595 892 0.36798
596 1120 0.37546
597 180 0.37144
598 574 0.036121
599 575 0.013889
600 576 0.038263
601 1251 0.36416
602 314 0.37974
603 1034 0.42016
604 1125 0.35998
605 651 0.35123
606 1469 0.33415
607 158 0.41837
608 901 0.38117
609 296 0.35081
610 904 0.41235
611 876 0.46055
612 83 0.45571
613 1176 0.3966
614 124 0.37224
615 799 0.44683
616 1025 0.33291
617 357 0.36502
618 1463 0.35551
619 633 0.44902
620 1269 0.40928
621 844 0.3194
622 134 0.45294
623 916 0.34142
624 623 0.35294
625 509 0.42865
626 890 0.38353
627 135 0.38423
628 1270 0.47281
629 606 0.02916
630 607 0.095093
631 1365 0.37498
632 608 0.012
633 124 0.31491
634 1025 0.34978
635 280 0.36315
636 771 0.38632
637 1371 0.27996
638 645 0.32296
639 72 0.39218
640 594 0.44239
641 1267 0.42509
642 638 0.30688
643 942 0.30803
644 522 0.42424
645 632 0.018829
646 617 0.33115
647 1025 0.30698
648 354 0.29924
649 398 0.34074
650 172 0.3165
651 923 0.45336
652 1154 0.31292
653 648 0.046269
654 144 0.3548
655 650 0.019103
656 113 0.38933
657 173 0.36953
658 72 0.35575
659 956 0.27513
660 610 0.27023
661 1272 0.2713
662 1087 0.34411
663 661 0.079012
664 1245 0.33063
665 685 0.47663
666 550 0.48039
667 210 0.041197
668 784 0.27347
669 240 0.37061
670 421 0.45166
671 697 0.59968
672 412 0.30507
673 1332 0.52902
674 19 0.44333
675 672 0.011221
676 616 0.38751
677 531 0.46593
678 422 0.49969
679 929 0.46983
680 674 0.0040795
681 673 0.14329
682 1291 0.14998
683 688 0.22556
684 781 0.46055
685 331 0.24784
686 1468 0.498
687 1400 0.35221
688 1291 0.4136
689 237 0.45137
690 775 0.38352
691 755 0.42305
692 223 0.44703
693 24 0.5467
694 560 0.49298
695 746 0.4974
696 28 0.42649
697 116 0.41112
698 764 0.47335
699 132 0.51377
700 1017 0.55476
701 1098 0.38919
702 591 0.3914
703 538 0.4224
704 1316 0.48581
705 700 0.079486
706 1360 0.32821
707 735 0.45685
708 1320 0.44037
709 270 0.40896
710 448 0.38035
711 949 0.36306
712 709 0.0064107
713 710 0.0058452
714 978 0.43159
715 720 0.024025
716 76 0.42576
717 50 0.41507
718 757 0.26937
719 510 0.35085
720 903 0.5158
721 620 0.29075
722 1091 0.22224
723 733 0.015591
724 643 0.47672
725 734 0.010254
726 1492 0.29087
727 511 0.35387
728 738 0.0092841
729 506 0.37513
730 556 0.48503
731 300 0.50223
732 317 0.22434
733 740 0.012775
734 741 0.017126
735 1306 0.42197
736 757 0.49579
737 1130 0.32784
738 549 0.32012
739 910 0.45938
740 1152 0.42508
741 750 0.075894
742 13 0.37212
743 839 0.50372
744 936 0.46029
745 317 0.42573
746 316 0.35603
747 1350 0.57219
748 753 0.01742
749 313 0.3995
750 350 0.21463
751 760 0.046074
752 559 0.47053
753 1019 0.33987
754 555 0.38226
755 1483 0.32629
756 761 0.01768
757 887 0.39335
758 634 0.35308
759 907 0.44712
760 766 0.0067924
761 767 0.02362
762 385 0.27065
763 648 0.47654
764 854 0.2113
765 590 0.37428
766 395 0.39082
767 1376 0.3258
768 268 0.44508
769 1331 0.38188
770 122 0.46808
771 237 0.35364
772 781 0.012599
773 325 0.40499
774 332 0.38071
775 1130 0.40204
776 356 0.30726
777 598 0.38292
778 599 0.42396
779 1037 0.079817
780 113 0.36737
781 8 0.36297
782 1146 0.3605
783 797 0.22242
784 793 0.0048851
785 671 0.45541
786 235 0.4944
787 800 0.038476
788 1358 0.45208
789 799 0.022699
790 87 0.43327
791 610 0.33253
792 801 0.015257
793 12 0.54871
794 385 0.29575
795 691 0.43538
796 690 0.47725
797 1267 0.39785
798 978 0.45766
799 208 0.29872
800 861 0.35647
801 47 0.43578
802 18 0.41624
803 1111 0.46864
804 14 0.4662
805 494 0.26754
806 1301 0.4471
807 850 0.38722
808 499 0.3897
809 869 0.35107
810 489 0.45682
811 1086 0.23082
812 861 0.012785
813 917 0.36676
814 238 0.39271
815 1185 0.33365
816 29 0.30586
817 152 0.42969
818 153 0.41549
819 1074 0.44691
820 519 0.29101
821 860 0.12665
822 5 0.45462
823 1056 0.4264
824 157 0.53697
825 40 0.39337
826 596 0.40677
827 507 0.071112
828 687 0.42948
829 872 0.04264
830 907 0.37572
831 24 0.37353
832 237 0.33141
833 1331 0.32849
834 1154 0.33453
835 65 0.39222
836 72 0.36252
837 98 0.29871
838 747 0.41129
839 612 0.28637
840 883 0.036423
841 932 0.31296
842 143 0.3435
843 511 0.41005
844 885 0.017552
845 145 0.39234
846 146 0.36891
847 64 0.3955
848 1101 0.36629
849 237 0.33524
850 237 0.29273
851 295 0.45544
852 200 0.44289
853 899 0.010889
854 900 0.014351
855 581 0.41455
856 1118 0.30774
857 401 0.36321
858 856 0.22884
859 898 0.42472
860 33 0.32132
861 949 0.25638
862 937 0.36344
863 923 0.42738
864 949 0.27536
865 1422 0.48238
866 1259 0.5294
867 1292 0.42998
868 1331 0.40205
869 921 0.11308
870 922 0.10907
871 594 0.27259
872 927 0.0053843
873 818 0.42036
874 1132 0.30628
875 180 0.3416
876 1192 0.35171
877 640 0.34816
878 580 0.36133
879 614 0.43472
880 915 0.31917
881 77 0.34627
882 935 0.061842
883 938 0.042469
884 860 0.35147
885 1197 0.51431
886 1191 0.48622
887 942 0.034137
888 167 0.35157
889 593 0.27441
890 71 0.37659
891 1360 0.3344
892 929 0.38763
893 619 0.30856
894 1133 0.24235
895 1133 0.3099
896 1288 0.26689
897 160 0.31421
898 661 0.12203
899 216 0.28005
900 208 0.14047
901 631 0.23732
902 211 0.42414
903 959 0.020462
904 1047 0.31376
905 702 0.43427
906 712 0.44273
907 962 0.012014
908 668 0.32177
909 434 0.34631
910 1291 0.29931
911 1414 0.44906
912 1487 0.30125
913 969 0.014165
914 857 0.2901
915 891 0.48979
916 970 0.026706
917 338 0.39094
918 665 0.32753
919 66 0.3876
920 972 0.063005
921 1460 0.42674
922 1469 0.48164
923 1386 0.43741
924 658 0.29449
925 981 0.014935
926 982 0.02011
927 171 0.4471
928 125 0.40467
929 25 0.39151
930 1303 0.36321
931 994 0.070547
932 995 0.064591
933 826 0.50155
934 211 0.28333
935 56 0.37762
936 402 0.48371
937 758 0.27407
938 764 0.22348
939 741 0.49642
940 1395 0.43704
941 650 0.54003
942 300 0.44856
943 1004 0.014092
944 390 0.43355
945 1339 0.4359
946 1006 0.019604
947 590 0.43823
948 432 0.39825
949 274 0.46508
950 901 0.40244
951 1011 0.010431
952 783 0.4417
953 269 0.37792
954 1161 0.37093
955 1344 0.44558
956 1194 0.32812
957 914 0.42586
958 1317 0.43949
959 1013 0.25622
960 1017 0.0021363
961 593 0.38484
962 518 0.44402
963 1180 0.3461
964 649 0.36431
965 461 0.43296
966 774 0.044323
967 775 0.080777
968 684 0.42869
969 825 0.47279
970 201 0.42781
971 892 0.35568
972 513 0.39007
973 1033 0.062655
974 328 0.43973
975 1034 0.055021
976 668 0.38983
977 1052 0.03022
978 1053 0.027602
979 787 0.4232
980 1056 0.012045
981 562 0.39907
982 254 0.38581
983 202 0.41483
984 1065 0.29748
985 1063 0.073613
986 1332 0.42259
987 1389 0.40574
988 945 0.35234
989 1067 0.22107
990 1074 0.026517
991 819 0.43611
992 1075 0.014839
993 1409 0.36724
994 1260 0.40359
995 1089 0.15874
996 1090 0.14915
997 227 0.48775
998 887 0.43886
999 152 0.36301
1000 1095 0.018813
1001 506 0.38437
1002 1268 0.40662
1003 189 0.27247
1004 1103 0.047984
1005 1104 0.025467
1006 646 0.45509
1007 677 0.29505
1008 1112 0.034714
1009 1113 0.016799
1010 1114 0.017251
1011 141 0.35903
1012 581 0.44244
1013 1101 0.40814
1014 115 0.42176
1015 872 0.4158
1016 1116 0.51527
1017 45 0.32463
1018 1108 0.33652
1019 1477 0.34137
1020 1222 0.4839
1021 575 0.45511
1022 195 0.39204
1023 525 0.37181
1024 511 0.37221
1025 1122 0.017098
1026 312 0.46415
1027 613 0.35921
1028 658 0.40076
1029 1129 0.014484
1030 1287 0.31175
1031 1280 0.3505
1032 664 0.47121
1033 1268 0.32249
1034 1357 0.090525
1035 1135 0.0067634
1036 1500 0.36647
1037 1142 0.018454
1038 968 0.099105
1039 1489 0.33523
1040 1436 0.37309
1041 136 0.29109
1042 64 0.34146
1043 260 0.48943
1044 25 0.33035
1045 672 0.35463
1046 1320 0.39042
1047 1154 0.015229
1048 1155 0.0048519
1049 32 0.31231
1050 950 0.30654
1051 59 0.3484
1052 63 0.50744
1053 1103 0.41609
1054 171 0.3253
1055 1053 0.46612
1056 992 0.25314
1057 400 0.42286
1058 859 0.3734
1059 918 0.45059
1060 294 0.40536
1061 765 0.1943
1062 982 0.42622
1063 301 0.34106
1064 1187 0.50197
1065 1168 0.010552
1066 1169 0.0063587
1067 1173 0.0070273
1068 1154 0.341
1069 1171 0.0067668
1070 1196 0.58593
1071 1172 0.0048702
1072 1170 0.0034303
1073 1004 0.31767
1074 1314 0.17294
1075 1316 0.305
1076 917 0.33837
1077 65 0.28396
1078 55 0.30313
1079 959 0.42721
1080 883 0.44902
1081 1185 0.075641
1082 1186 0.16471
1083 149 0.48754
1084 974 0.35629
1085 297 0.44125
1086 1192 0.10005
1087 506 0.41934
1088 1284 0.40937
1089 349 0.34701
1090 1196 0.1213
1091 71 0.32366
1092 898 0.34504
1093 1051 0.061741
1094 1039 0.12089
1095 679 0.559
1096 974 0.25416
1097 1225 0.010511
1098 1226 0.01404
1099 1234 0.06359
1100 1234 0.024822
1101 1241 0.0068527
1102 1242 0.0054618
1103 1240 0.018656
1104 281 0.3895
1105 1231 0.12975
1106 251 0.48952
1107 184 0.44482
1108 1026 0.45381
1109 1435 0.50252
1110 661 0.20677
1111 62 0.43368
1112 718 0.41258
1113 914 0.46062
1114 717 0.40032
1115 160 0.34955
1116 1263 0.0090482
1117 824 0.42596
1118 493 0.37384
1119 823 0.39152
1120 1367 0.36501
1121 123 0.48022
1122 1467 0.43898
1123 77 0.43613
1124 905 0.34483
1125 898 0.37452
1126 898 0.3315
1127 173 0.2176
1128 205 0.30876
1129 206 0.27259
1130 814 0.30213
1131 1272 0.038857
1132 192 0.39394
1133 942 0.36403
1134 1277 0.016811
1135 1118 0.37519
1136 715 0.37817
1137 1356 0.1381
1138 1374 0.071611
1139 1404 0.39325
1140 70 0.48544
1141 710 0.36943
1142 1365 0.56791
1143 1303 0.53052
1144 154 0.48221
1145 1300 0.014431
1146 1301 0.0096224
1147 837 0.59753
1148 819 0.45669
1149 1303 0.018761
1150 905 0.35215
1151 55 0.54112
1152 1308 0.020868
1153 1307 0.0086701
1154 392 0.44749
1155 992 0.51533
1156 91 0.34385
1157 1175 0.15868
1158 1392 0.11716
1159 1316 0.030516
1160 199 0.32644
1161 236 0.3582
1162 163 0.43557
1163 204 0.45801
1164 486 0.41962
1165 492 0.431
1166 1326 0.016358
1167 1342 0.0070455
1168 1343 0.0078214
1169 1340 0.0062506
1170 1341 0.0083168
1171 1409 0.043829
1172 1338 0.0056309
1173 1339 0.0092903
1174 1160 0.36899
1175 1232 0.10328
1176 1233 0.052975
1177 1346 0.20479
1178 1346 0.24583
1179 1414 0.038631
1180 1352 0.022576
1181 208 0.23377
1182 767 0.5064
1183 854 0.43373
1184 77 0.4507
1185 33 0.46532
1186 72 0.37785
1187 1421 0.40668
1188 639 0.26864
1189 129 0.49462
1190 1467 0.40887
1191 1279 0.39126
1192 1303 0.32949
1193 296 0.30857
1194 22 0.41561
1195 1299 0.35908
1196 923 0.35989
1197 1364 0.39728
1198 1373 0.0050051
1199 613 0.37337
1200 1375 0.020235
1201 312 0.33609
1202 758 0.38096
1203 1016 0.28986
1204 1389 0.49772
1205 1286 0.4655
1206 1429 0.51643
1207 1428 0.3643
1208 1384 0.0065824
1209 901 0.36959
1210 156 0.48651
1211 849 0.33261
1212 1394 0.010471
1213 1395 0.0092419
1214 499 0.22236
1215 365 0.4573
1216 1398 0.0055389
1217 1399 0.0030205
1218 1117 0.49581
1219 1404 0.029894
1220 899 0.34052
1221 900 0.3356
1222 1291 0.25303
1223 1407 0.0091679
1224 1408 0.0099529
1225 21 0.4217
1226 84 0.51442
1227 629 0.34152
1228 630 0.30236
1229 488 0.34676
1230 1349 0.36747
1231 854 0.43849
1232 471 0.46977
1233 450 0.46425
1234 788 0.3518
1235 1076 0.3028
1236 1077 0.37638
1237 945 0.27959
1238 674 0.43555
1239 349 0.26979
1240 860 0.37787
1241 1420 0.3725
1242 1450 0.098468
1243 1451 0.22431
1244 1452 0.17271
1245 32 0.29736
1246 180 0.33513
1247 1423 0.006663
1248 1424 0.077703
1249 359 0.3718
1250 1425 0.0076954
1251 1426 0.0034442
1252 345 0.6053
1253 547 0.35249
1254 1435 0.038478
1255 1379 0.35436
1256 426 0.36474
1257 103 0.43329
1258 858 0.45282
1259 1407 0.49149
1260 1442 0.058068
1261 1081 0.57263
1262 662 0.27741
1263 1443 0.0047104
1264 854 0.28914
1265 1278 0.34763
1266 296 0.26362
1267 1158 0.39814
1268 927 0.46288
1269 9 0.54501
1270 618 0.43784
1271 159 0.44163
1272 1263 0.46394
1273 353 0.31774
1274 250 0.49497
1275 1259 0.65173
1276 26 0.65778
1277 1292 0.42384
1278 304 0.41575
1279 1457 0.25308
1280 741 0.32657
1281 66 0.29437
1282 1460 0.0057381
1283 1181 0.37397
1284 961 0.41548
1285 1403 0.47923
1286 483 0.28098
1287 532 0.43218
1288 1465 0.18449
1289 1470 0.0056776
1290 1067 0.72843
1291 1067 0.72454
1292 645 0.39072
1293 789 0.49314
1294 1473 0.34075
1295 300 0.49049
1296 1474 0.0090954
1297 483 0.34652
1298 1485 0.23891
1299 853 0.26406
1300 471 0.36233
1301 8 0.46705
1302 1488 0.01111
1303 898 0.45536
1304 429 0.40983
1305 483 0.50834
1306 630 0.58073
1307 1497 0.0081135
1308 1416 0.31436
1309 499 0.40285
